125
CRNC          0.0000000 0.4706285 0.6012354 0.6910432 0.6179499 0.6530692 0.5334709 0.5756837 0.4381131 0.5370480 0.5127205 0.5822212 0.5596714 0.5217597 0.5367670 0.4921741 0.5543041 0.6132820 0.5772847 0.5630144 0.6726507 0.5397215 0.5157139 0.6384051 0.5049930 0.5952748 0.5915371 0.5662287 0.5831299 0.5249978 0.5381233 0.5244544 0.5652126 0.6234664 0.5134279 0.5542668 0.5045889 0.6883129 0.5519364 0.6431509 0.6102638 0.5696388 0.5816339 0.5141198 0.5344122 0.5785178 0.4706893 0.5954432 0.7932008 0.5631221 0.6084255 0.5706357 0.5775227 0.4920309 0.5311282 0.5882234 0.5126427 0.5283799 0.5017109 0.4860119 0.5199383 0.6409875 0.5521503 0.5067393 0.5524711 0.6590618 0.5016166 0.4531248 0.4590061 0.5317477 0.5735886 0.5988552 0.6254121 0.6838382 0.7385796 0.4859200 0.5162116 0.6331558 0.5255251 0.6268929 0.6165852 0.5103480 0.5205976 0.6414982 0.5831530 0.4847463 0.5930578 0.5756227 0.5776295 0.5597584 0.5111885 0.4935577 0.5144196 0.6542913 0.5164220 0.5069631 0.6847158 0.6199568 0.6249702 0.5990814 0.6573151 0.4791460 0.4272915 0.6241826 0.5097630 0.5037262 0.5177532 0.5464130 0.4941959 0.5276803 0.5188008 0.5138667 0.6097432 0.5255251 0.5884984 0.5873491 0.5566039 0.5942244 0.5958204 0.6343129 0.6544193 0.7047319 0.3810176 0.7563731 0.4832205 
HYZL          0.4706285 0.0000000 0.2620131 0.6115428 0.5303289 0.5813842 0.4156423 0.5759126 0.6326192 0.5289696 0.6197369 0.5743940 0.5190193 0.4751183 0.5600644 0.5339031 0.5636136 0.6585597 0.6459989 0.5864081 0.7009941 0.5233256 0.4422845 0.4254657 0.5637430 0.5436559 0.5455603 0.5346630 0.4964509 0.4982093 0.5450977 0.5974460 0.5996165 0.6976802 0.5271136 0.4952030 0.5070734 0.6598510 0.5838351 0.5570435 0.5556190 0.5958224 0.5347148 0.5390880 0.4531028 0.5595155 0.4945116 0.7184553 1.4069847 0.5047441 0.6724292 0.4849644 0.5564400 0.4870883 0.5313143 0.5688713 0.4939641 0.5188874 0.4675490 0.4908501 0.5228652 0.6937745 0.5525914 0.5321697 0.5048943 0.7572829 0.4599165 0.4435492 0.4379630 0.5607833 0.7264887 0.9976632 0.5474275 0.7899619 0.8811981 0.4338553 0.4640201 1.0217377 0.5257101 0.9957510 0.5807461 0.4390964 0.4461929 0.7055486 0.5548828 0.4635240 1.0212501 0.5567582 0.5666575 0.4609292 0.4969193 0.5202580 0.5529690 0.8804965 0.5739413 0.5411720 0.7355373 0.6386636 0.6753284 0.5613999 0.7103913 0.4313667 0.3872333 0.5807449 0.4929481 0.4960348 0.4661146 0.5432088 0.5158307 0.4804621 0.4725220 0.5738342 0.5437574 0.5257101 0.5274874 0.7186477 0.5453219 0.5520245 0.4649776 0.6030862 0.5188897 0.6070664 0.4528332 0.5902697 0.5485568 
MYZV          0.6012354 0.2620131 0.0000000 0.6867010 0.6899655 0.7502910 0.5738923 0.7455881 0.6191738 0.6424920 0.6200857 0.7397775 0.6242052 0.5974482 0.6817913 0.6071381 0.7247019 0.7297084 0.5998202 0.7127986 0.7747975 0.6496663 0.6727342 0.6912144 0.6575372 0.7035193 0.6972532 0.6582704 0.6915984 0.6395235 0.6741234 0.7432656 0.6754671 0.7005766 0.7002853 0.6384944 0.6523848 0.7532814 0.6639407 0.6532507 0.7721486 0.6770828 0.6514910 0.6267307 0.6017541 0.7244014 0.5845975 0.7889145 1.3151424 0.6896146 0.6897074 0.6372373 0.7494867 0.6015438 0.6336013 0.7372938 0.6146854 0.6407783 0.5939966 0.5865257 0.6789183 0.7452162 0.6492787 0.6878712 0.6223235 0.7336955 0.5915328 0.5670415 0.5697047 0.6582008 0.7275102 0.9840325 0.6995135 0.8030752 0.6805799 0.6346999 0.6867016 0.9417220 0.6490124 1.0095709 0.8067468 0.5865773 0.5913291 0.7492870 0.6522884 0.5686595 0.9642254 0.7155616 0.6516780 0.6541757 0.6681358 0.6002613 0.6549501 0.8287972 0.6933029 0.6148444 0.7217727 0.7140852 0.7670134 0.7431623 0.7777950 0.6756147 0.5312043 0.7635800 0.6534135 0.6864686 0.6072908 0.6080035 0.6476853 0.6172772 0.6429903 0.6686175 0.6468388 0.6490124 0.6409499 0.7196816 0.6447471 0.7608142 0.6482561 0.7955097 0.7139574 0.6994814 0.5138002 0.7373851 0.7156322 
SRR6441723    0.6910432 0.6115428 0.6867010 0.0000000 0.1016918 0.1982353 0.3967304 0.1749579 0.1685167 0.1260195 0.2015196 0.1747189 0.0982243 0.1334674 0.1353251 0.2159188 0.1280156 0.3201704 0.3479177 0.1241376 0.3452982 0.1139584 0.1090440 0.1458299 0.1759178 0.1756823 0.1872538 0.1213823 0.1847973 0.1221168 0.1654482 0.1816468 0.1352683 0.3467556 0.1169538 0.1409542 0.1808965 0.3676355 0.1345395 0.2260317 0.1869446 0.1332022 0.1192640 0.1363578 0.1731927 0.1699673 0.1747083 0.3671736 0.3788686 0.1962317 0.3154177 0.1393895 0.1816785 0.1345677 0.1565436 0.1743207 0.1524809 0.1524363 0.1553847 0.1852712 0.1468457 0.3945433 0.1487115 0.1136424 0.1240678 0.3647349 0.1365216 0.1391750 0.1465674 0.2096842 0.2945324 0.3385911 0.1411988 0.4698586 0.5400971 0.1304177 0.1412393 0.3297404 0.1518860 0.3430270 0.1875682 0.1451599 0.0997590 0.4021054 0.1935824 0.1334647 0.3328890 0.1796558 0.2121160 0.1257628 0.1309751 0.1209898 0.1416436 0.3216568 0.1353664 0.1181153 0.3714480 0.3346031 0.3350401 0.1803303 0.3807779 0.1354362 0.1157937 0.1915923 0.1540657 0.1959241 0.1080205 0.2051816 0.1488315 0.1297662 0.1368062 0.1356922 0.2028987 0.1518860 0.1201333 0.2875503 0.1383717 0.1807504 0.1317726 0.1924858 0.2039167 0.1759068 0.0804468 0.1058781 0.1732419 
ERR4210213    0.6179499 0.5303289 0.6899655 0.1016918 0.0000000 0.1331038 0.2759821 0.1135868 0.0889410 0.0800301 0.1054172 0.1362320 0.0524799 0.0602816 0.1060320 0.1762936 0.1018205 0.2143319 0.2251370 0.0886598 0.2272553 0.0944228 0.0114075 0.0566863 0.1806790 0.1279588 0.1270698 0.0883262 0.1094516 0.0797172 0.1085481 0.1563709 0.0729407 0.2220500 0.0924943 0.1367502 0.0912842 0.2056104 0.1103291 0.1305482 0.1198985 0.0895441 0.0721583 0.1299053 0.1624878 0.1193870 0.1099745 0.2272553 0.2421845 0.1312619 0.2071301 0.0917095 0.1100408 0.1162609 0.1085481 0.1193870 0.1088722 0.1092777 0.0864366 0.1235574 0.1115501 0.2202015 0.1346671 0.0851621 0.0793454 0.2056558 0.1103590 0.0875484 0.1074191 0.1651327 0.1665127 0.2751505 0.0976884 0.2378091 0.2883590 0.0782853 0.0960079 0.2661455 0.1085481 0.2519201 0.1303263 0.0976368 0.0512460 0.2327935 0.1658729 0.0674591 0.2903855 0.1278291 0.1792529 0.0747060 0.0886598 0.0956999 0.1144545 0.1940344 0.0633365 0.0866115 0.2415953 0.2395106 0.2250228 0.1407897 0.2251739 0.0618940 0.0488993 0.1212633 0.0925456 0.1510193 0.0538351 0.1733464 0.0705068 0.0679417 0.0674445 0.1097007 0.1814550 0.1085481 0.0798080 0.1665127 0.1016548 0.1376652 0.0530197 0.1433519 0.1816376 0.0862265 0.0944747 0.0450603 0.1680832 
ERR2789774    0.6530692 0.5813842 0.7502910 0.1982353 0.1331038 0.0000000 0.2973974 0.0839699 0.1075029 0.1219955 0.1613572 0.0387616 0.1122506 0.1388574 0.0410796 0.1091291 0.1378490 0.2232127 0.2533484 0.1140113 0.2263292 0.1056970 0.1508555 0.1408771 0.1009252 0.0329838 0.0386276 0.1142490 0.1064478 0.1093766 0.1300802 0.0899080 0.1230317 0.2271495 0.0988582 0.1351309 0.1027748 0.2646080 0.1350629 0.0852962 0.0328525 0.1240066 0.1299254 0.1708192 0.1089002 0.0299431 0.1376525 0.2249074 0.2666518 0.0897085 0.2100802 0.1284745 0.0325378 0.1335145 0.1222416 0.0327875 0.1224379 0.1185922 0.1528410 0.1469424 0.1410577 0.2981179 0.1509544 0.1274892 0.1268336 0.2251224 0.1340508 0.1289371 0.1396934 0.1170227 0.1893404 0.2603097 0.1257430 0.3411948 0.4089938 0.1208625 0.1310983 0.2289873 0.1181959 0.2751881 0.2031444 0.1487435 0.1233152 0.2968107 0.1140823 0.1435790 0.2401107 0.0357651 0.1094896 0.1105456 0.1242041 0.1271344 0.1458751 0.1860784 0.1382975 0.1141236 0.2736720 0.2329198 0.2214538 0.0478998 0.2807635 0.1699049 0.0904356 0.0389819 0.0306529 0.0848743 0.1228711 0.1026941 0.1354115 0.1372267 0.1400334 0.1242328 0.1082481 0.1181959 0.1205429 0.1842846 0.1367939 0.0359747 0.1189162 0.0816422 0.1193846 0.1190761 0.0742845 0.0962790 0.1116732 
PAFTOL_019361 0.5334709 0.4156423 0.5738923 0.3967304 0.2759821 0.2973974 0.0000000 0.3215503 0.2595995 0.3365551 0.3234114 0.3021914 0.3193723 0.2936215 0.2935542 0.3205007 0.3954491 0.4276537 0.3993314 0.3014232 0.4361238 0.3013210 0.2817828 0.3278348 0.3270830 0.2778489 0.3044125 0.3052875 0.2699941 0.3152481 0.3133885 0.3585258 0.3521531 0.4730315 0.3158202 0.2617426 0.2845374 0.4558188 0.3488768 0.3351063 0.2976992 0.3314862 0.3492031 0.3245487 0.2829658 0.2810238 0.2986011 0.4780053 0.4651534 0.2979503 0.4314046 0.2833402 0.2833339 0.2457873 0.2998403 0.2866885 0.2919301 0.2936849 0.3023386 0.2981023 0.3306984 0.5054643 0.3458281 0.3163610 0.2836382 0.4896922 0.2462378 0.2526074 0.2636011 0.3293364 0.4162199 0.4782982 0.3485194 0.4984613 0.6818916 0.2485946 0.2721221 0.4586776 0.2923512 0.4775901 0.4101029 0.2889090 0.2923729 0.4566235 0.3382242 0.2657905 0.4648208 0.2805228 0.3356374 0.2806134 0.2995769 0.3110804 0.3370114 0.4248567 0.3133925 0.3201021 0.4903483 0.4491091 0.4486083 0.3144819 0.4970115 0.2902329 0.2237664 0.3040171 0.2640914 0.3326868 0.2742804 0.2982590 0.3271448 0.3054471 0.2948811 0.3761317 0.3125431 0.2923512 0.3141433 0.4214281 0.3298876 0.2961797 0.2732537 0.3467575 0.3210490 0.2993539 0.2293095 0.3121007 0.2909054 
S0055         0.5756837 0.5759126 0.7455881 0.1749579 0.1135868 0.0839699 0.3215503 0.0000000 0.0767859 0.1218099 0.1386618 0.0707573 0.0964800 0.1091966 0.0711136 0.1079890 0.1337947 0.2390747 0.2453742 0.1095549 0.2508962 0.0984633 0.1317729 0.1065321 0.0914307 0.0643464 0.0704753 0.1095716 0.0698919 0.1017542 0.1166846 0.0811647 0.1184027 0.2430443 0.0977068 0.1223772 0.0916966 0.2538179 0.1302513 0.0925214 0.0567161 0.1073790 0.1062732 0.1503306 0.0644818 0.0608015 0.1188294 0.2492622 0.2518131 0.0703309 0.2244402 0.1097328 0.0543466 0.1159011 0.1091982 0.0576765 0.1093866 0.1056981 0.1342424 0.1154835 0.1360560 0.2584597 0.1237462 0.1109793 0.0940265 0.2192336 0.1163334 0.1116172 0.1249468 0.0942415 0.1592052 0.2021989 0.1137311 0.3177066 0.3981546 0.1040220 0.1091802 0.2008738 0.1053550 0.2195852 0.1494322 0.1299804 0.0996673 0.2579372 0.0695055 0.1134501 0.2209868 0.0609101 0.1129332 0.0917110 0.1120435 0.1056993 0.1266658 0.2481652 0.1230363 0.1062287 0.2554229 0.2411401 0.2371614 0.0810361 0.2514562 0.1531847 0.0649673 0.0682336 0.0526060 0.0389117 0.0945255 0.0706493 0.1095274 0.1072246 0.1174758 0.1278274 0.0933234 0.1053550 0.1084557 0.1546466 0.1291110 0.0602128 0.1004392 0.0927393 0.0701103 0.0790758 0.0451000 0.0719874 0.0813486 
S0196sl       0.4381131 0.6326192 0.6191738 0.1685167 0.0889410 0.1075029 0.2595995 0.0767859 0.0000000 0.0696466 0.0582314 0.0860951 0.0623684 0.0781759 0.0604399 0.1098954 0.0938469 0.1572048 0.1904483 0.0556826 0.1860674 0.0770475 0.1087907 0.0881115 0.1233878 0.0864892 0.0780775 0.0753636 0.0781714 0.0694340 0.0420015 0.1009314 0.0556826 0.1628837 0.0773187 0.0727009 0.0709593 0.1905444 0.0909947 0.1162755 0.0784152 0.0708555 0.0618163 0.1035040 0.0896845 0.0780713 0.0349241 0.1746902 0.1586394 0.0935191 0.1409718 0.0977722 0.0698426 0.0558758 0.0484004 0.0780713 0.0485734 0.0487103 0.0770001 0.0413910 0.0957939 0.1798041 0.0943157 0.0934741 0.0692780 0.2010622 0.0491563 0.0489599 0.0528413 0.0872048 0.0977296 0.2218681 0.0969814 0.1986151 0.2718321 0.0354609 0.0638537 0.1930185 0.0484004 0.1810498 0.1427363 0.0712761 0.0683081 0.1858333 0.0769640 0.0859932 0.1790927 0.0854901 0.1021409 0.0631457 0.0684166 0.0567205 0.0824359 0.1490109 0.0562821 0.0632144 0.2156685 0.1691817 0.1560336 0.1101030 0.1851826 0.0922618 0.0588379 0.0849912 0.0451404 0.1000678 0.0710555 0.0625284 0.0551962 0.0870315 0.0863122 0.0922505 0.0939866 0.0484004 0.0671810 0.0977296 0.0634375 0.0870907 0.0811568 0.0931346 0.0974004 0.0763040 0.0353855 0.0554044 0.1092881 
S0278         0.5370480 0.5289696 0.6424920 0.1260195 0.0800301 0.1219955 0.3365551 0.1218099 0.0696466 0.0000000 0.1520341 0.1094899 0.0243801 0.0733167 0.1087860 0.1253823 0.0417003 0.2242615 0.2537600 0.0361762 0.2403658 0.0324184 0.1055934 0.0813987 0.1272494 0.1060476 0.1170387 0.0323118 0.1167138 0.0239836 0.0948456 0.1208399 0.0382055 0.2329725 0.0326033 0.0707160 0.0981246 0.2756755 0.0329793 0.1397231 0.1095158 0.0361525 0.0446196 0.0704063 0.1118633 0.1056391 0.1081696 0.2490405 0.2468503 0.1151307 0.2094479 0.0750164 0.1053819 0.0727289 0.0878012 0.1092856 0.0879716 0.0844832 0.0868456 0.1197879 0.0610479 0.3126263 0.0711393 0.0505553 0.0570598 0.2581666 0.0701962 0.0664550 0.0761366 0.1280499 0.1932219 0.2372955 0.0775108 0.3233045 0.3760520 0.0809321 0.0809457 0.2047876 0.0842159 0.2260861 0.0967400 0.0808472 0.0804081 0.3068287 0.1298770 0.0674935 0.2122991 0.1134485 0.1151960 0.0712851 0.0450935 0.0460387 0.0570999 0.1754824 0.0545165 0.0328214 0.2986553 0.2352591 0.2273415 0.1221451 0.2940907 0.1036055 0.0503541 0.1228005 0.0929188 0.1279179 0.0568141 0.1297500 0.0703348 0.0671163 0.0731090 0.0382834 0.1222864 0.0842159 0.0385311 0.1915460 0.0542875 0.1141314 0.0582146 0.1216464 0.1341495 0.0694300 0.0781277 0.0604207 0.1158261 
S0281         0.5127205 0.6197369 0.6200857 0.2015196 0.1054172 0.1613572 0.3234114 0.1386618 0.0582314 0.1520341 0.0000000 0.1402318 0.1214241 0.1303182 0.1278870 0.1514113 0.1597463 0.1604194 0.1584914 0.1262857 0.1772365 0.1424337 0.1468351 0.1340496 0.1602086 0.1363793 0.1300058 0.1407990 0.1362794 0.1342053 0.1161576 0.1486901 0.1356977 0.1638555 0.1387006 0.1193795 0.1227391 0.1670481 0.1558315 0.1564175 0.1356594 0.1452015 0.1255511 0.1645131 0.1533023 0.1313144 0.0677722 0.1666841 0.1457659 0.1359617 0.1517426 0.1605311 0.1307360 0.1096672 0.1114797 0.1353580 0.1160930 0.1078023 0.1195208 0.0638738 0.1259528 0.1880438 0.1474975 0.1330562 0.1490181 0.1566901 0.1100853 0.1095338 0.1187524 0.1479113 0.0913154 0.1989952 0.1587550 0.2219020 0.2675026 0.1184211 0.1400308 0.2011514 0.1074350 0.2073237 0.1945429 0.1227812 0.1301761 0.1957617 0.1527047 0.1318017 0.2067263 0.1310434 0.1376532 0.1341722 0.1295369 0.1310218 0.1420576 0.1266662 0.1325613 0.1293399 0.1922298 0.1621265 0.1540477 0.1379030 0.1869007 0.1406665 0.1019272 0.1540672 0.1127253 0.1405234 0.1143141 0.1350474 0.1305254 0.1300147 0.1365802 0.1493609 0.1427410 0.1074350 0.1415254 0.0875698 0.1461853 0.1409878 0.1024958 0.1543621 0.1690837 0.1301268 0.0480765 0.0848523 0.1487549 
S0282         0.5822212 0.5743940 0.7397775 0.1747189 0.1362320 0.0387616 0.3021914 0.0707573 0.0860951 0.1094899 0.1402318 0.0000000 0.0921950 0.1296619 0.0081964 0.1017805 0.1118391 0.2377531 0.2531086 0.0946615 0.2409084 0.0974920 0.1503156 0.1242990 0.0902458 0.0104159 0.0213526 0.1051238 0.0801083 0.1018011 0.1171031 0.0867480 0.1142331 0.2417451 0.0938346 0.1260303 0.0919011 0.2709646 0.1175917 0.0675030 0.0158930 0.1151345 0.1174540 0.1541001 0.0976166 0.0077393 0.1240827 0.2393603 0.2444123 0.0783311 0.2230576 0.1305916 0.0185209 0.1245487 0.1095839 0.0103567 0.1097732 0.1060700 0.1434051 0.1249438 0.1258085 0.2900750 0.1354073 0.1185507 0.1179341 0.2335611 0.1250316 0.1201140 0.1342042 0.0980331 0.1653448 0.2172946 0.1380880 0.3462318 0.4301735 0.1122742 0.1252790 0.1882041 0.1057236 0.2399541 0.1952326 0.1304738 0.1282066 0.2889302 0.0956578 0.1342329 0.2201054 0.0130313 0.0909086 0.1063390 0.1155502 0.1126759 0.1306377 0.2140623 0.1242903 0.0978783 0.2844453 0.2480547 0.2358406 0.0299725 0.2730070 0.1435449 0.0828695 0.0212559 0.0134704 0.0781087 0.1141050 0.0848417 0.1230314 0.1279200 0.1307168 0.1153217 0.0899180 0.1057236 0.1040642 0.1606648 0.1146616 0.0078047 0.1147830 0.0738273 0.1049303 0.1271086 0.0349840 0.0922019 0.0936776 
S0289         0.5596714 0.5190193 0.6242052 0.0982243 0.0524799 0.1122506 0.3193723 0.0964800 0.0623684 0.0243801 0.1214241 0.0921950 0.0000000 0.0615052 0.0905629 0.1172444 0.0395281 0.2146552 0.2296954 0.0339176 0.2309350 0.0274963 0.0755448 0.0675602 0.1014613 0.0926663 0.0994908 0.0215083 0.0955936 0.0216124 0.0855069 0.0975212 0.0360204 0.2232959 0.0271290 0.0656232 0.0907859 0.2403449 0.0366165 0.1115256 0.0922251 0.0279883 0.0302346 0.0651649 0.0979257 0.0884934 0.0869427 0.2393812 0.2037116 0.1055661 0.2000979 0.0556588 0.0882618 0.0675562 0.0785723 0.0920302 0.0787338 0.0752940 0.0778869 0.0965567 0.0490887 0.2739685 0.0624508 0.0359895 0.0486923 0.2372539 0.0644897 0.0614002 0.0702111 0.1171454 0.1663326 0.2148519 0.0638662 0.3100246 0.3519291 0.0751107 0.0792283 0.1833873 0.0750562 0.2041187 0.0808182 0.0757865 0.0708831 0.2801127 0.1154153 0.0621371 0.1895268 0.0849230 0.1093153 0.0627970 0.0337663 0.0375395 0.0486975 0.1751394 0.0456509 0.0364377 0.2635649 0.2253143 0.2177504 0.0911467 0.2562644 0.0887306 0.0414818 0.0973042 0.0795130 0.1096578 0.0453925 0.1024807 0.0512479 0.0553606 0.0613284 0.0360945 0.1157538 0.0750562 0.0244063 0.1616097 0.0458729 0.0965777 0.0516019 0.1012306 0.1253686 0.0657798 0.0570109 0.0414008 0.0932548 
S0292         0.5217597 0.4751183 0.5974482 0.1334674 0.0602816 0.1388574 0.2936215 0.1091966 0.0781759 0.0733167 0.1303182 0.1296619 0.0615052 0.0000000 0.1255756 0.1362300 0.0919332 0.2659739 0.2623843 0.0710719 0.2822960 0.0632095 0.0779894 0.0693076 0.1194650 0.1218539 0.1290022 0.0662538 0.1023436 0.0536798 0.0908289 0.1237049 0.0735951 0.2738089 0.0674128 0.0696455 0.1090444 0.2874255 0.0761282 0.1223903 0.1137530 0.0685886 0.0645909 0.0815010 0.0951085 0.1172505 0.1001600 0.2921561 0.2285486 0.1266230 0.2485576 0.0929438 0.1169773 0.0660418 0.0872991 0.1209960 0.0874670 0.0840038 0.0722495 0.1116508 0.0760185 0.3083023 0.0855981 0.0645394 0.0536682 0.2863648 0.0635061 0.0598920 0.0625604 0.1271927 0.1920341 0.2310695 0.0876543 0.3236786 0.3894050 0.0674971 0.0602637 0.2222531 0.0837397 0.2041977 0.1121825 0.0677673 0.0645313 0.3026938 0.1269129 0.0298122 0.2240786 0.1210564 0.1365102 0.0493876 0.0664014 0.0703279 0.0923016 0.2293051 0.0717850 0.0636000 0.3050818 0.2786746 0.2638442 0.1422675 0.3098100 0.0992102 0.0137028 0.1306452 0.1043410 0.1115978 0.0158625 0.1194557 0.0678057 0.0187463 0.0269572 0.0836842 0.1357321 0.0837397 0.0732847 0.1869746 0.0848204 0.1260792 0.0224528 0.1220054 0.1148247 0.0592624 0.0699134 0.0474783 0.1126843 
S0293         0.5367670 0.5600644 0.6817913 0.1353251 0.1060320 0.0410796 0.2935542 0.0711136 0.0604399 0.1087860 0.1278870 0.0081964 0.0905629 0.1255756 0.0000000 0.0989456 0.1192934 0.2049361 0.2357285 0.0890194 0.2081597 0.0923658 0.1456118 0.1281689 0.0895391 0.0110020 0.0167357 0.1041900 0.0784014 0.1001651 0.1088688 0.0858303 0.1011532 0.2156392 0.0930519 0.1217873 0.0903090 0.2480347 0.1173281 0.0677997 0.0138209 0.1104001 0.1128684 0.1466707 0.0925406 0.0081707 0.1197997 0.2134001 0.1994800 0.0726385 0.1970269 0.1251079 0.0195801 0.1193276 0.1048311 0.0109367 0.1050268 0.1011772 0.1309534 0.1206688 0.1245477 0.2750328 0.1364317 0.1143407 0.1133436 0.2007185 0.1207731 0.1156833 0.1302007 0.0971415 0.1584186 0.2146492 0.1290567 0.3178330 0.3961750 0.1066810 0.1210216 0.1816693 0.1008328 0.2356147 0.1868984 0.1309339 0.1182133 0.2660606 0.0896941 0.1248811 0.2047535 0.0137651 0.0941262 0.0967340 0.1109586 0.1123356 0.1313670 0.1772087 0.1102294 0.0965669 0.2612877 0.2195061 0.2098185 0.0317376 0.2531548 0.1586424 0.0767901 0.0224760 0.0142559 0.0758757 0.1093709 0.0837916 0.1130976 0.1236858 0.1266349 0.1149273 0.0893927 0.1008328 0.1030832 0.1535935 0.1185950 0.0054245 0.1090291 0.0751950 0.1058185 0.1131160 0.0349840 0.0838862 0.0931816 
S0294         0.4921741 0.5339031 0.6071381 0.2159188 0.1762936 0.1091291 0.3205007 0.1079890 0.1098954 0.1253823 0.1514113 0.1017805 0.1172444 0.1362300 0.0989456 0.0000000 0.1436392 0.2284229 0.2404875 0.1205123 0.2454846 0.1140668 0.1688115 0.1667030 0.0774697 0.0945882 0.0942152 0.1283578 0.1215631 0.1201218 0.1169311 0.0996495 0.1364967 0.2289686 0.1110900 0.1196464 0.0924208 0.2555094 0.1334477 0.1201864 0.0897519 0.1285931 0.1316128 0.1575413 0.0833434 0.0904606 0.1360780 0.2403776 0.2522670 0.0922394 0.2100756 0.1252379 0.0831802 0.1188070 0.1180233 0.0939493 0.1256538 0.1174863 0.1280210 0.1449062 0.1286542 0.2965974 0.1408251 0.1318476 0.1274779 0.2417240 0.1192517 0.1145132 0.1123073 0.0495085 0.1850812 0.2128696 0.1310580 0.3133804 0.3587887 0.1232677 0.1324086 0.1951491 0.1170983 0.2266609 0.1789849 0.1368104 0.1372573 0.2915602 0.1036356 0.1367490 0.2098452 0.0978628 0.1222644 0.1159356 0.1253412 0.1186487 0.1287855 0.1704207 0.1486702 0.1164200 0.2726091 0.2171719 0.2201769 0.1133808 0.2792683 0.1864765 0.0898986 0.1058094 0.0741642 0.1116477 0.1320728 0.1010120 0.1399548 0.1466408 0.1574960 0.1191963 0.1206785 0.1170983 0.1270321 0.1835199 0.1409884 0.0939493 0.1512981 0.1065138 0.1032186 0.1372674 0.0652061 0.1240192 0.0876471 
S0299         0.5543041 0.5636136 0.7247019 0.1280156 0.1018205 0.1378490 0.3954491 0.1337947 0.0938469 0.0417003 0.1597463 0.1118391 0.0395281 0.0919332 0.1192934 0.1436392 0.0000000 0.2520139 0.2680016 0.0430606 0.2692432 0.0418510 0.1152671 0.0912602 0.1371537 0.1291968 0.1366122 0.0417028 0.1221649 0.0419036 0.1078215 0.1472718 0.0477860 0.2610631 0.0481625 0.0893045 0.1196926 0.3014226 0.0549521 0.1617685 0.1285366 0.0522172 0.0611086 0.0805314 0.1292966 0.1243648 0.1216633 0.2787771 0.2728817 0.1428811 0.2362193 0.0982259 0.1240767 0.0911664 0.1003892 0.1204792 0.0933512 0.0969055 0.1064280 0.1339032 0.0716650 0.3236863 0.0899071 0.0674037 0.0744850 0.2770005 0.0886279 0.0844970 0.0911324 0.1349731 0.1982297 0.2406791 0.0927135 0.3674300 0.4129010 0.1002989 0.1003328 0.2339834 0.0965883 0.2395104 0.1200203 0.0958687 0.0844737 0.3303028 0.1366175 0.0858424 0.2452840 0.1327986 0.1374909 0.0900346 0.0617648 0.0631399 0.0745422 0.2117639 0.0719389 0.0476521 0.3090370 0.2641919 0.2550955 0.1422720 0.2988638 0.1088603 0.0610068 0.1430142 0.1022704 0.1520765 0.0741156 0.1445363 0.0824139 0.0777027 0.0815559 0.0504566 0.1450571 0.0965883 0.0483426 0.1930621 0.0716156 0.1256808 0.0873385 0.1363673 0.1540386 0.0918658 0.0892205 0.0808402 0.1332688 
S0303         0.6132820 0.6585597 0.7297084 0.3201704 0.2143319 0.2232127 0.4276537 0.2390747 0.1572048 0.2242615 0.1604194 0.2377531 0.2146552 0.2659739 0.2049361 0.2284229 0.2520139 0.0000000 0.0693502 0.2263871 0.0131546 0.2378199 0.2560885 0.2733924 0.2576767 0.2391620 0.2360890 0.2248517 0.2775226 0.2336655 0.2552560 0.2290188 0.2357017 0.0104325 0.2421999 0.2120454 0.2257514 0.0980999 0.2247260 0.2905415 0.2376947 0.2438127 0.2165533 0.2572155 0.2643322 0.2320597 0.2083745 0.0242889 0.2379573 0.2192636 0.0052678 0.2573484 0.2082717 0.2169216 0.2503938 0.2371278 0.2564781 0.2453188 0.2254142 0.1904860 0.2476326 0.0981063 0.2445090 0.2479225 0.2492436 0.0705997 0.2058758 0.2081157 0.2217766 0.2487282 0.1455636 0.2890728 0.2287233 0.0996425 0.1680979 0.1923619 0.1972723 0.2531815 0.2443435 0.2930927 0.3025293 0.2141571 0.2395789 0.0811570 0.2318785 0.2403678 0.2806378 0.2313704 0.1796731 0.2484849 0.2304238 0.2082277 0.2337717 0.0044301 0.2490359 0.2183261 0.0971768 0.0052459 0.0025737 0.2496561 0.0950486 0.2220394 0.2122779 0.2492305 0.2095552 0.2202132 0.2379777 0.1940921 0.2344430 0.2623084 0.2651642 0.2162519 0.2195227 0.2443435 0.2244291 0.1411128 0.2416924 0.2452214 0.2410140 0.2462581 0.3013044 0.2120563 0.1349345 0.2373220 0.2505106 
S0308         0.5772847 0.6459989 0.5998202 0.3479177 0.2251370 0.2533484 0.3993314 0.2453742 0.1904483 0.2537600 0.1584914 0.2531086 0.2296954 0.2623843 0.2357285 0.2404875 0.2680016 0.0693502 0.0000000 0.2460802 0.0726451 0.2658125 0.2275827 0.2850250 0.2357061 0.2492775 0.2444580 0.2348599 0.2708005 0.2486229 0.2760390 0.2388948 0.2557080 0.0619369 0.2722892 0.2147865 0.2341816 0.0703657 0.2589051 0.2629455 0.2530355 0.2466315 0.2338807 0.2647272 0.2666943 0.2471783 0.2251215 0.0727115 0.2738969 0.2483103 0.0558611 0.2786939 0.2223343 0.2167044 0.2708305 0.2524240 0.2597045 0.2654251 0.2375050 0.1967700 0.2474342 0.0811800 0.2694373 0.2500614 0.2530361 0.0665917 0.2055260 0.2188779 0.2273800 0.2431545 0.1746793 0.2948219 0.2553417 0.1116665 0.1666939 0.1981744 0.2143561 0.2816578 0.2643291 0.3112704 0.3119552 0.2189359 0.2544473 0.0877236 0.2421206 0.2480294 0.3047637 0.2354316 0.2153581 0.2454871 0.2328361 0.2303845 0.2484498 0.0774841 0.2562022 0.2370907 0.0805597 0.0701868 0.0689167 0.2666704 0.0874907 0.2357478 0.2066987 0.2601904 0.2033901 0.2334755 0.2448793 0.1988014 0.2203263 0.2534748 0.2499654 0.2379092 0.2429536 0.2643291 0.2284283 0.1697624 0.2662897 0.2609344 0.2560476 0.2679056 0.3187079 0.2355049 0.2000598 0.2517664 0.2555396 
S0320         0.5630144 0.5864081 0.7127986 0.1241376 0.0886598 0.1140113 0.3014232 0.1095549 0.0556826 0.0361762 0.1262857 0.0946615 0.0339176 0.0710719 0.0890194 0.1205123 0.0430606 0.2263871 0.2460802 0.0000000 0.2427209 0.0363574 0.1026439 0.0929616 0.1150103 0.0982200 0.1050237 0.0330552 0.0936960 0.0359837 0.0879757 0.1117985 0.0334068 0.2352007 0.0365728 0.0684340 0.1010168 0.2547235 0.0357096 0.1264762 0.0977546 0.0395865 0.0553479 0.0688561 0.0998270 0.0940170 0.0933027 0.2415798 0.2210567 0.1072713 0.2113727 0.0764838 0.0937792 0.0704956 0.0810567 0.0975506 0.0812197 0.0777891 0.0847035 0.1043948 0.0663659 0.2924904 0.0769609 0.0553096 0.0547096 0.2441001 0.0679242 0.0641718 0.0738364 0.1154426 0.1651230 0.2317402 0.0782075 0.3179321 0.3837193 0.0787209 0.0787328 0.1996459 0.0775448 0.2207034 0.1141376 0.0786393 0.0811313 0.2913250 0.1147102 0.0651883 0.2071021 0.1015321 0.1041578 0.0651993 0.0487275 0.0539534 0.0686559 0.1769572 0.0552241 0.0361961 0.2901840 0.2375735 0.2294942 0.1098552 0.2799238 0.1015524 0.0411023 0.1104600 0.0815361 0.1153045 0.0544751 0.1145906 0.0648625 0.0648152 0.0708674 0.0485301 0.1053444 0.0775448 0.0392315 0.1604523 0.0657230 0.0990459 0.0675073 0.1094577 0.1344632 0.0706358 0.0565440 0.0560663 0.1039704 
S0322         0.6726507 0.7009941 0.7747975 0.3452982 0.2272553 0.2263292 0.4361238 0.2508962 0.1860674 0.2403658 0.1772365 0.2409084 0.2309350 0.2822960 0.2081597 0.2454846 0.2692432 0.0131546 0.0726451 0.2427209 0.0000000 0.2546634 0.2849289 0.2872819 0.2699640 0.2423312 0.2392220 0.2360796 0.2975422 0.2460094 0.2705025 0.2403899 0.2523396 0.0184913 0.2591847 0.2340847 0.2510089 0.0863261 0.2408409 0.3180382 0.2408475 0.2520455 0.2322273 0.2748378 0.2842789 0.2352057 0.2314437 0.0157976 0.2328027 0.2326440 0.0133418 0.2833660 0.2113636 0.2211772 0.2654647 0.2402754 0.2655785 0.2602285 0.2422599 0.2082043 0.2559698 0.1016604 0.2581574 0.2653342 0.2665626 0.0729114 0.2198229 0.2245084 0.2368215 0.2677399 0.1654425 0.3052306 0.2514892 0.1083010 0.1634820 0.2059717 0.2110093 0.2671552 0.2591808 0.3079040 0.3333052 0.2308183 0.2610994 0.0917579 0.2548747 0.2558595 0.2896725 0.2345050 0.1826245 0.2603362 0.2418269 0.2282327 0.2560490 0.0182893 0.2676794 0.2339072 0.0921627 0.0188351 0.0185805 0.2580642 0.0905399 0.2368736 0.2218222 0.2585834 0.2198172 0.2313275 0.2532982 0.2114329 0.2458894 0.2788197 0.2816836 0.2322187 0.2225874 0.2591808 0.2355924 0.1607492 0.2498053 0.2483983 0.2427816 0.2645139 0.3198296 0.2191204 0.1482640 0.2440987 0.2683599 
S0327         0.5397215 0.5233256 0.6496663 0.1139584 0.0944228 0.1056970 0.3013210 0.0984633 0.0770475 0.0324184 0.1424337 0.0974920 0.0274963 0.0632095 0.0923658 0.1140668 0.0418510 0.2378199 0.2658125 0.0363574 0.2546634 0.0000000 0.0992329 0.0769417 0.1068354 0.0904008 0.0970503 0.0241906 0.0867399 0.0269360 0.0782751 0.1036740 0.0382334 0.2467980 0.0158173 0.0643732 0.0931883 0.2810646 0.0449413 0.1198990 0.0899811 0.0307248 0.0419652 0.0641754 0.0817410 0.0863513 0.1010624 0.2638673 0.2513120 0.0991223 0.2223619 0.0630634 0.0861285 0.0637144 0.0715070 0.0897951 0.0716585 0.0682977 0.0774160 0.1124781 0.0493223 0.3147530 0.0619498 0.0386415 0.0475271 0.2668570 0.0639006 0.0602576 0.0695492 0.1070243 0.1984624 0.2325624 0.0683313 0.3461230 0.3837449 0.0716157 0.0744269 0.2176521 0.0680848 0.2392948 0.0767940 0.0813412 0.0768175 0.3131289 0.1089600 0.0575044 0.2176975 0.0907322 0.1109608 0.0620980 0.0363213 0.0402527 0.0544196 0.1934653 0.0482146 0.0388330 0.3086752 0.2495250 0.2409362 0.1016782 0.2954263 0.1043072 0.0374686 0.0992886 0.0740792 0.1068847 0.0473382 0.1058888 0.0612530 0.0571725 0.0567709 0.0443157 0.1173664 0.0680848 0.0302202 0.1932638 0.0543317 0.0942018 0.0539713 0.1017339 0.1040446 0.0684388 0.0781277 0.0604839 0.0961029 
S0335         0.5157139 0.4422845 0.6727342 0.1090440 0.0114075 0.1508555 0.2817828 0.1317729 0.1087907 0.1055934 0.1468351 0.1503156 0.0755448 0.0779894 0.1456118 0.1688115 0.1152671 0.2560885 0.2275827 0.1026439 0.2849289 0.0992329 0.0000000 0.0542874 0.1609184 0.1414904 0.1451401 0.0944749 0.1238181 0.0868245 0.1147355 0.1551325 0.1145925 0.2731438 0.0977480 0.0979660 0.1216135 0.2703411 0.1085665 0.1613197 0.1407190 0.0965172 0.0953988 0.1092218 0.1388185 0.1362081 0.1088888 0.2808615 0.2701327 0.1608773 0.2464454 0.0932269 0.1358933 0.0979092 0.1069991 0.1403980 0.1077737 0.1033815 0.1025190 0.1075978 0.1197574 0.2877929 0.1200698 0.0947718 0.0876909 0.2632503 0.0944792 0.0833239 0.0969778 0.1562991 0.2220080 0.2703622 0.1066065 0.3014108 0.3781784 0.0871042 0.0963769 0.2558208 0.1030329 0.2643516 0.1228071 0.1011095 0.0550738 0.3055235 0.1583601 0.0812583 0.2673996 0.1319311 0.1640797 0.0935776 0.0941315 0.0974330 0.1094474 0.2220908 0.0967496 0.0945475 0.3144922 0.2668479 0.2519581 0.1473387 0.2802334 0.0667775 0.0625058 0.1474112 0.1179162 0.1523956 0.0659377 0.1424405 0.0893865 0.0849597 0.0731534 0.1181849 0.1779724 0.1030329 0.0894251 0.2163015 0.1140170 0.1462802 0.0630143 0.1584649 0.1664855 0.0958452 0.1019675 0.0550133 0.1446690 
S0345         0.6384051 0.4254657 0.6912144 0.1458299 0.0566863 0.1408771 0.3278348 0.1065321 0.0881115 0.0813987 0.1340496 0.1242990 0.0675602 0.0693076 0.1281689 0.1667030 0.0912602 0.2733924 0.2850250 0.0929616 0.2872819 0.0769417 0.0542874 0.0000000 0.1647525 0.1258949 0.1353650 0.0771092 0.0876563 0.0602960 0.1038910 0.1349504 0.0862203 0.2836063 0.0720203 0.0973129 0.1197552 0.2948005 0.0957901 0.1240949 0.1121046 0.0788877 0.0679715 0.1133351 0.1242157 0.1197853 0.1102507 0.2871108 0.2883380 0.1261513 0.2669159 0.1026038 0.1243599 0.0812825 0.1039208 0.1197853 0.0992394 0.0994625 0.0895829 0.0998753 0.0883316 0.2997145 0.1066852 0.0766729 0.0811357 0.2733164 0.0824113 0.0683490 0.0810752 0.1534389 0.2041411 0.3134488 0.0974229 0.3421692 0.4423409 0.0764258 0.0868600 0.2904435 0.0990479 0.2874748 0.1207597 0.0965212 0.0598085 0.3221411 0.1542302 0.0738280 0.3104623 0.1252411 0.1707378 0.0988990 0.0897775 0.0743000 0.0893567 0.2343379 0.0762626 0.0725412 0.3530496 0.2745529 0.2705439 0.1386806 0.3012405 0.0349789 0.0552950 0.1278104 0.0978241 0.1385225 0.0602450 0.1448040 0.0759615 0.0738106 0.0774200 0.0854039 0.1632158 0.0990479 0.0764140 0.2041411 0.0902778 0.1181202 0.0682629 0.1474741 0.1378844 0.0893864 0.0927173 0.0608935 0.1527765 
S0376         0.5049930 0.5637430 0.6575372 0.1759178 0.1806790 0.1009252 0.3270830 0.0914307 0.1233878 0.1272494 0.1602086 0.0902458 0.1014613 0.1194650 0.0895391 0.0774697 0.1371537 0.2576767 0.2357061 0.1150103 0.2699640 0.1068354 0.1609184 0.1647525 0.0000000 0.0835277 0.0898609 0.1226606 0.0942179 0.1146551 0.1151477 0.0439827 0.1305815 0.2512145 0.1031551 0.1129994 0.0893666 0.2647274 0.1279952 0.1148472 0.0831577 0.1302988 0.1234284 0.1405353 0.0641219 0.0797195 0.1379130 0.2645086 0.2554397 0.0840853 0.2314524 0.1217715 0.0795163 0.1069176 0.1183002 0.0829918 0.1072883 0.1146822 0.1384892 0.1507263 0.1388916 0.2951738 0.1488448 0.1195962 0.1120353 0.2320400 0.1102026 0.1105456 0.1072786 0.0854145 0.2077982 0.1852198 0.1319719 0.3607830 0.3829170 0.1151516 0.1206132 0.1963710 0.1143005 0.2077916 0.1622762 0.1190950 0.1255556 0.2981135 0.0945963 0.1282447 0.2145518 0.0796009 0.0971902 0.0898199 0.1250058 0.1121921 0.1204232 0.2517696 0.1371495 0.1110464 0.2352087 0.2485215 0.2555929 0.0830719 0.2825116 0.1831869 0.0749093 0.0946997 0.0612967 0.0838498 0.1086876 0.0809823 0.1322190 0.1184529 0.1288440 0.1163475 0.0974249 0.1143005 0.1183281 0.2024101 0.1369138 0.0871188 0.1322642 0.0919123 0.0991354 0.1252467 0.0768712 0.1126658 0.0471751 
S0400         0.5952748 0.5436559 0.7035193 0.1756823 0.1279588 0.0329838 0.2778489 0.0643464 0.0864892 0.1060476 0.1363793 0.0104159 0.0926663 0.1218539 0.0110020 0.0945882 0.1291968 0.2391620 0.2492775 0.0982200 0.2423312 0.0904008 0.1414904 0.1258949 0.0835277 0.0000000 0.0159043 0.1056575 0.0808131 0.0979479 0.1097750 0.0800995 0.1067084 0.2431720 0.0868052 0.1182892 0.0850616 0.2726037 0.1181972 0.0650385 0.0105237 0.1075503 0.1099060 0.1517479 0.0870480 0.0025628 0.1164515 0.2407657 0.2431464 0.0717249 0.2243707 0.1227231 0.0131386 0.1169149 0.1024072 0.0051444 0.1025914 0.0989546 0.1354332 0.1172484 0.1270822 0.2919077 0.1330204 0.1109227 0.1103385 0.2349544 0.1173558 0.1125864 0.1260913 0.0948809 0.1662170 0.2291789 0.1300644 0.3489593 0.4337171 0.1049156 0.1175826 0.1993716 0.0986351 0.2527070 0.1824846 0.1311540 0.1204909 0.2907223 0.0887287 0.1263121 0.2195258 0.0077659 0.0913512 0.0990123 0.1081490 0.1101984 0.1282446 0.2161670 0.1164238 0.0983721 0.2861894 0.2495568 0.2372282 0.0243502 0.2747198 0.1542884 0.0758262 0.0158334 0.0080264 0.0715205 0.1066049 0.0781230 0.1184537 0.1200167 0.1228139 0.1159237 0.0903510 0.0986351 0.1045878 0.1615076 0.1152557 0.0078110 0.1057072 0.0713915 0.1023696 0.1148134 0.0451068 0.0819548 0.0869054 
S0405         0.5915371 0.5455603 0.6972532 0.1872538 0.1270698 0.0386276 0.3044125 0.0704753 0.0780775 0.1170387 0.1300058 0.0213526 0.0994908 0.1290022 0.0167357 0.0942152 0.1366122 0.2360890 0.2444580 0.1050237 0.2392220 0.0970503 0.1451401 0.1353650 0.0898609 0.0159043 0.0000000 0.1125594 0.0871604 0.1047187 0.1165474 0.0797952 0.1136774 0.2400523 0.0934144 0.1178221 0.0915016 0.2630329 0.1253131 0.0712316 0.0158444 0.1145697 0.1168798 0.1595348 0.0971743 0.0131291 0.1234672 0.2376972 0.2313754 0.0780065 0.2215338 0.1260533 0.0184639 0.1164577 0.1060600 0.0158132 0.1092650 0.1055847 0.1340619 0.1243185 0.1345402 0.2877881 0.1404734 0.1179646 0.1173537 0.2319235 0.1168950 0.1195276 0.1206494 0.0945073 0.1739616 0.2379142 0.1373637 0.3418730 0.4029151 0.1117408 0.1246520 0.2078242 0.1052418 0.2618917 0.1865310 0.1384804 0.1275624 0.2867101 0.0952351 0.1335389 0.2281329 0.0185710 0.0978380 0.1058380 0.1077278 0.1173992 0.1356062 0.2050532 0.1236546 0.1051600 0.2760111 0.2462621 0.2342050 0.0298739 0.2711301 0.1620593 0.0825022 0.0270490 0.0079956 0.0777860 0.1135518 0.0844817 0.1202546 0.1272616 0.1300433 0.1231171 0.0967593 0.1052418 0.1114167 0.1691658 0.1223887 0.0186790 0.1141088 0.0776392 0.1107760 0.1135765 0.0452631 0.0765100 0.0932736 
S0407sl       0.5662287 0.5346630 0.6582704 0.1213823 0.0883262 0.1142490 0.3052875 0.1095716 0.0753636 0.0323118 0.1407990 0.1051238 0.0215083 0.0662538 0.1041900 0.1283578 0.0417028 0.2248517 0.2348599 0.0330552 0.2360796 0.0241906 0.0944749 0.0771092 0.1226606 0.1056575 0.1125594 0.0000000 0.0912971 0.0239540 0.0839407 0.1163049 0.0440662 0.2334805 0.0299595 0.0670776 0.1053651 0.2530210 0.0414970 0.1264840 0.1051508 0.0361553 0.0446218 0.0705191 0.0998475 0.1013359 0.0991105 0.2445467 0.2428551 0.1086308 0.2111977 0.0653918 0.1010862 0.0691159 0.0771405 0.1049310 0.0772976 0.0739227 0.0801380 0.1102638 0.0519747 0.2792182 0.0712545 0.0445954 0.0504408 0.2534393 0.0665875 0.0601435 0.0723254 0.1233206 0.1840352 0.2517280 0.0700577 0.3083299 0.3706113 0.0771354 0.0742531 0.2284507 0.0736939 0.2407524 0.0971145 0.0741919 0.0795084 0.2783108 0.1251692 0.0605279 0.2142682 0.1015518 0.1114683 0.0676140 0.0356659 0.0491863 0.0634035 0.1798288 0.0608289 0.0355215 0.2738714 0.2357584 0.2279005 0.1175496 0.2610772 0.0964019 0.0403545 0.1031133 0.0887377 0.1187303 0.0502358 0.1128719 0.0609512 0.0601830 0.0597573 0.0441582 0.1179233 0.0736939 0.0132204 0.1791566 0.0605689 0.1096698 0.0543522 0.1003266 0.1243215 0.0691080 0.0777474 0.0605089 0.1114101 
S0412sl       0.5831299 0.4964509 0.6915984 0.1847973 0.1094516 0.1064478 0.2699941 0.0698919 0.0781714 0.1167138 0.1362794 0.0801083 0.0955936 0.1023436 0.0784014 0.1215631 0.1221649 0.2775226 0.2708005 0.0936960 0.2975422 0.0867399 0.1238181 0.0876563 0.0942179 0.0808131 0.0871604 0.0912971 0.0000000 0.0937811 0.0914946 0.0906612 0.1100192 0.2739496 0.0857548 0.1023317 0.0844048 0.2830016 0.1205510 0.1033746 0.0725037 0.1035652 0.1054125 0.1279251 0.0782468 0.0770180 0.1195898 0.2916713 0.2827299 0.0548992 0.2564525 0.0981105 0.0833929 0.0973345 0.0912765 0.0802930 0.0914506 0.0879252 0.1203172 0.1086105 0.1047467 0.3276278 0.1421197 0.1091931 0.0972863 0.2790218 0.0976734 0.0863714 0.1052808 0.0967345 0.1814838 0.1953242 0.1206700 0.3836536 0.4506134 0.1049823 0.1022717 0.2147003 0.0876464 0.2226721 0.1488151 0.1106602 0.0990594 0.3197974 0.0796345 0.1021319 0.2283653 0.0771639 0.1102319 0.0920949 0.1041870 0.1182930 0.1349526 0.2859925 0.1058637 0.0977065 0.3155939 0.2818329 0.2752152 0.0983488 0.3062301 0.1309744 0.0652080 0.0820590 0.0654550 0.0728223 0.0908920 0.0780291 0.1055431 0.1034150 0.1059969 0.1337680 0.0837731 0.0876464 0.0934126 0.1765150 0.1226492 0.0762596 0.0959803 0.0849049 0.0853346 0.1025760 0.0639722 0.0935239 0.0839860 
S0417         0.5249978 0.4982093 0.6395235 0.1221168 0.0797172 0.1093766 0.3152481 0.1017542 0.0694340 0.0239836 0.1342053 0.1018011 0.0216124 0.0536798 0.1001651 0.1201218 0.0419036 0.2336655 0.2486229 0.0359837 0.2460094 0.0269360 0.0868245 0.0602960 0.1146551 0.0979479 0.1047187 0.0239540 0.0937811 0.0000000 0.0804110 0.1083777 0.0352804 0.2384414 0.0297229 0.0605321 0.0936737 0.2703310 0.0386206 0.1234723 0.0974859 0.0274082 0.0299948 0.0674686 0.0921828 0.0937663 0.0928105 0.2548806 0.2357497 0.1069503 0.2145937 0.0612743 0.0935298 0.0564973 0.0736947 0.0972833 0.0738477 0.0705133 0.0697674 0.1002639 0.0425507 0.3069956 0.0681694 0.0357032 0.0414013 0.2642355 0.0539515 0.0505050 0.0590759 0.1112500 0.1955016 0.2245686 0.0575139 0.3165270 0.3815944 0.0639942 0.0703613 0.2083537 0.0702954 0.2202988 0.0886676 0.0706373 0.0631296 0.3013126 0.1207253 0.0480665 0.2110259 0.0939603 0.1188962 0.0547793 0.0329405 0.0431623 0.0542437 0.1832084 0.0479519 0.0384363 0.3082723 0.2408967 0.2327274 0.1132225 0.2929894 0.0931994 0.0313483 0.1026010 0.0813366 0.1149373 0.0383471 0.1092279 0.0545071 0.0477794 0.0535291 0.0412776 0.1256215 0.0702954 0.0328892 0.1904119 0.0541563 0.1018513 0.0433688 0.1142005 0.1038144 0.0536874 0.0670441 0.0507734 0.1036738 
S0419         0.5381233 0.5450977 0.6741234 0.1654482 0.1085481 0.1300802 0.3133885 0.1166846 0.0420015 0.0948456 0.1161576 0.1171031 0.0855069 0.0908289 0.1088688 0.1169311 0.1078215 0.2552560 0.2760390 0.0879757 0.2705025 0.0782751 0.1147355 0.1038910 0.1151477 0.1097750 0.1165474 0.0839407 0.0914946 0.0804110 0.0000000 0.1150299 0.1022202 0.2713167 0.0857133 0.0838319 0.1036184 0.2705828 0.0952135 0.1490920 0.1092590 0.0910738 0.0846083 0.1131006 0.0999165 0.1055017 0.0597038 0.2652177 0.2123650 0.1124283 0.2462780 0.0864770 0.1123563 0.0802913 0.0103747 0.1090363 0.0130984 0.0077588 0.0984399 0.0629166 0.0942772 0.3229115 0.1025017 0.0854313 0.0677809 0.2762251 0.0769579 0.0767045 0.0729334 0.1101533 0.1374164 0.2154149 0.0899966 0.3416740 0.4116754 0.0834264 0.0919057 0.2121273 0.0077382 0.2143485 0.1229812 0.0922700 0.0894791 0.3197803 0.1087412 0.0844113 0.2252876 0.1100294 0.1306289 0.0789155 0.0909785 0.0785206 0.1050291 0.2017009 0.0942853 0.0869856 0.3023956 0.2600807 0.2513364 0.1184000 0.2745073 0.1330374 0.0636204 0.1250552 0.0973357 0.1224411 0.0769644 0.1086549 0.0981051 0.0925236 0.0917956 0.1068541 0.1140699 0.0077382 0.0802420 0.1332854 0.0892714 0.1137289 0.0706846 0.1146397 0.1098713 0.0804201 0.0346434 0.0694960 0.0928471 
