116
CRNC          0.0000000 0.2643461 0.3477194 0.6671051 0.5910455 0.6170710 0.3918550 0.5407969 0.5224586 0.5263899 0.5249892 0.5145050 0.5664235 0.6293597 0.5504507 0.4955456 0.6066649 0.6935992 0.6298606 0.4928435 0.5918812 0.6156651 0.6613350 0.4561193 0.5172117 0.5053931 0.5426041 0.4975752 0.5506197 0.5439860 0.5533489 0.5415771 0.6671171 0.5671321 0.6173441 0.4876268 0.6851548 0.5217387 0.5726940 0.4974986 0.6256502 0.5439700 0.4849928 0.5668109 0.4785963 0.5895387 0.6771706 0.5513472 0.4960095 0.7088279 0.5024305 0.6038722 0.5563400 0.5615554 0.5345098 0.5439860 0.6303162 0.5994476 0.5489244 0.4792731 0.6320818 0.6154823 0.5579135 0.6643512 0.6189169 0.6683528 0.4715524 0.5412117 0.5890340 0.6917125 0.5573709 0.5940933 0.6436432 0.6283672 0.5687696 0.5318402 0.5867904 0.6551789 0.7269699 0.5573709 0.5277524 0.7036052 0.5768922 0.4991329 0.5536265 0.6198073 0.5306100 0.4438826 0.4948035 0.6999548 0.5630446 0.5689924 0.5815606 0.6623281 0.5120529 0.5477671 0.7089782 0.6942945 0.4981046 0.4888897 0.4955079 0.6413938 0.4891648 0.4912769 0.6067782 0.6283832 0.5504673 0.5244520 0.5746781 0.5412617 0.5479742 0.4716129 0.5201501 0.5804946 0.8547691 0.5162823 
HYZL          0.2643461 0.0000000 0.2116566 0.6514527 0.6237556 0.7333134 0.3335862 0.5674585 0.6629063 0.5953172 0.6674009 0.5851711 0.6256306 0.6673478 0.6220729 0.4993573 0.6677195 0.8165404 0.7645446 0.5699701 0.8434943 0.7029750 0.6752595 0.5808772 0.6043634 0.5752651 0.5955106 0.5896391 0.6222866 0.6891060 0.6792084 0.5514164 0.7851032 0.6465176 0.7821662 0.6004928 0.8072808 0.5641086 0.6225654 0.5668566 0.6569926 0.6446602 0.6172765 0.6113935 0.5454018 0.7437901 0.8275142 0.5865054 0.5656748 0.8350167 0.5977277 0.7156871 0.7044843 0.5983775 0.6775748 0.6891060 0.7621800 0.6963489 0.6910367 0.6125336 0.7772686 0.6679051 0.7747741 0.7882872 0.7056722 0.7935033 0.5181875 0.7368770 0.6204947 0.7024738 0.7790596 0.7001265 0.8085719 0.8042162 0.6123689 0.6863786 0.6198505 0.8804010 0.7258658 0.7790596 0.6116444 0.6527189 0.5853112 0.5829013 0.6682273 0.6542382 0.6157160 0.5980735 0.6549423 0.8401946 0.6670847 0.6216693 0.6796636 0.7839189 0.5829630 0.7120707 0.6853367 0.7360957 0.5641708 0.5618541 0.5513800 0.6199214 0.5617136 0.5619736 0.7064768 0.6662656 0.6229939 0.5968454 0.6954053 0.6080920 0.7128685 0.6428589 0.5918956 0.7192285 0.6702750 0.6181688 
MYZV          0.3477194 0.2116566 0.0000000 0.6508376 0.4486064 0.8602086 0.4830425 0.6323965 0.7075093 0.6173263 0.6703646 0.6640728 0.6371938 0.6753289 0.8130787 0.5982475 0.7097884 0.8228978 0.8043876 0.6015091 0.7369437 0.7337677 0.6444835 0.6640199 0.6863254 0.6395665 0.6185111 0.6676387 0.6406343 0.7281001 0.7239901 0.5731842 0.8409705 0.6839105 0.7442645 0.6613943 0.8284516 0.6292378 0.6979330 0.6438129 0.7051672 0.6864175 0.6663231 0.6824119 0.6485313 0.7341313 0.8258353 0.5700062 0.5904595 0.8698468 0.6790812 0.7632719 0.7443094 0.6568350 0.7159772 0.7281001 0.7712259 0.7017398 0.6838215 0.6630323 0.7225213 0.6413322 0.7465245 0.7797080 0.7689355 0.7802792 0.6256190 0.6956362 0.6067197 0.6685488 0.7309511 0.8167718 0.8217094 0.8026269 0.5874622 0.7122139 0.5939616 0.9417588 0.7594029 0.7309511 0.6692750 0.6638352 0.5677218 0.6327608 0.7455537 0.6970985 0.6339408 0.5988452 0.5801136 0.8715377 0.6562542 0.6160080 0.7396682 0.8475916 0.6500366 0.7151384 0.6522604 0.7143385 0.6705171 0.6251379 0.6074836 0.6893380 0.6225761 0.5941980 0.7098656 0.6971000 0.6173263 0.6582115 0.7348943 0.6012709 0.6728753 0.6664007 0.6722441 0.6754247 0.7522273 0.6825996 
SRR6441723    0.6671051 0.6514527 0.6508376 0.0000000 0.0864669 0.2010501 0.3846033 0.1028464 0.1074189 0.1551324 0.1496821 0.1273991 0.1278200 0.0890158 0.1579386 0.1459175 0.1574990 0.1351947 0.1632214 0.1224847 0.1754608 0.1322867 0.0737759 0.1652613 0.1341197 0.1327360 0.1392665 0.1623586 0.1286969 0.1056231 0.1656122 0.1253184 0.1433957 0.1353880 0.1117157 0.1186610 0.1626018 0.1368208 0.1490253 0.1233320 0.2078400 0.1379395 0.1482042 0.1220504 0.1360664 0.1284374 0.1547520 0.2762591 0.1205899 0.1313385 0.1230527 0.1183495 0.1113029 0.1528629 0.1108065 0.1056231 0.1244376 0.1320422 0.1401407 0.1542368 0.1390090 0.0795149 0.1275752 0.1118155 0.1203463 0.1156775 0.1673587 0.1385484 0.2127528 0.1281439 0.1308511 0.1685085 0.1186705 0.1201413 0.2544173 0.1114043 0.2123870 0.1316390 0.0646909 0.1308511 0.1381927 0.1164141 0.2124315 0.1288327 0.1454656 0.0787038 0.1233259 0.1679423 0.1453384 0.1495093 0.1349200 0.1396785 0.1314095 0.1604820 0.1451491 0.1319924 0.0791874 0.0958346 0.1333476 0.1224992 0.1315855 0.0906738 0.1105241 0.1464324 0.1049449 0.0790685 0.1032508 0.1024016 0.1123304 0.1132069 0.1333075 0.1575215 0.1283969 0.1455149 0.1194411 0.1282184 
ERR4210213    0.5910455 0.6237556 0.4486064 0.0864669 0.0000000 0.2144094 0.3543722 0.0716466 0.1143693 0.1380882 0.1520281 0.0858075 0.1567429 0.0862358 0.7844270 0.1418207 0.1345387 0.1427765 0.1180057 0.1257665 0.1550945 0.1233448 0.0094107 0.1410375 0.0858075 0.0858075 0.0743475 0.1417064 0.1113293 0.1143693 0.1612975 0.0827606 0.1575135 0.1227441 0.1554132 0.0878947 0.1831539 0.1015509 0.0981387 0.0867019 0.2041355 0.1157460 0.1137128 0.1263380 0.0867019 0.1188145 0.1423556 0.3722542 0.1281402 0.1427765 0.0856964 0.1265530 0.1143693 0.1102931 0.1266483 0.1143693 0.1254996 0.1156712 0.1831673 0.1180897 0.1646688 0.0622391 0.1297594 0.1252315 0.1263549 0.1252315 0.1108695 0.1450703 0.3538311 0.1433550 0.1552871 0.1289900 0.1008469 0.1438317 0.3714055 0.1282855 0.3206569 0.1268272 0.0389627 0.1552871 0.1230014 0.0726049 0.3033199 0.0858075 0.1402692 0.0501707 0.1138135 0.1066569 0.1261125 0.1407332 0.1455668 0.1261125 0.1255198 0.1407332 0.1110982 0.1818818 0.0491125 0.0993529 0.0981387 0.0858075 0.0770500 0.0618090 0.0752427 0.1449166 0.1131256 0.0968675 0.1110982 0.0787114 0.1308671 0.0671771 0.1466268 0.1220634 0.0750983 0.1447837 0.0000010 0.1116469 
ERR2789774    0.6170710 0.7333134 0.8602086 0.2010501 0.2144094 0.0000000 0.3324143 0.1009105 0.1145873 0.1645296 0.1763668 0.0697848 0.1697990 0.1712527 0.0705885 0.1229603 0.1517893 0.2021752 0.2018499 0.1462394 0.1756411 0.1825991 0.1863136 0.1043219 0.0747302 0.0741237 0.1522305 0.1148709 0.1495127 0.1249931 0.1285723 0.1293161 0.1989405 0.1560960 0.1929573 0.1092459 0.2125604 0.1209055 0.0714913 0.0609106 0.2164080 0.1430257 0.1773939 0.0850765 0.0561965 0.1552816 0.2071877 0.2550745 0.1020500 0.2176901 0.0657493 0.1714550 0.1306038 0.0891575 0.1300375 0.1249931 0.1876253 0.1530779 0.2126864 0.1691696 0.1559917 0.1763014 0.1414765 0.1846448 0.1821841 0.1851900 0.0839927 0.2044584 0.2536376 0.2154482 0.1954119 0.1668841 0.2021148 0.2039410 0.2727475 0.1307207 0.2385764 0.2267345 0.1534584 0.1954119 0.0999593 0.1866217 0.2389159 0.0704251 0.1048205 0.1739823 0.1587826 0.1675241 0.1561575 0.2092004 0.1606910 0.1709667 0.1970404 0.2041234 0.0747333 0.1987362 0.1827751 0.1872913 0.0743999 0.0635757 0.0814146 0.1724574 0.0709016 0.1258509 0.1651967 0.1654905 0.1261068 0.0729174 0.1370496 0.1372882 0.1987947 0.1937698 0.0655300 0.1780609 0.2704501 0.0657867 
PAFTOL_019361 0.3918550 0.3335862 0.4830425 0.3846033 0.3543722 0.3324143 0.0000000 0.2914085 0.3099010 0.2933583 0.3494911 0.2651411 0.2855786 0.3057627 0.2646707 0.2905354 0.2854709 0.3587967 0.3345968 0.2543787 0.3712839 0.3094980 0.3484578 0.2797387 0.2746103 0.2651411 0.2953017 0.3032811 0.2733639 0.3099010 0.3462426 0.2670634 0.3541729 0.3001072 0.3422194 0.3193679 0.3582779 0.2587925 0.2863310 0.2593146 0.3452014 0.2829318 0.3341910 0.3208987 0.2665853 0.3458452 0.3751619 0.3025495 0.2726858 0.3717287 0.2798887 0.3325422 0.3013860 0.2833019 0.3165122 0.3099010 0.3890630 0.3180383 0.3363517 0.3018371 0.3100564 0.3392002 0.2950483 0.3293876 0.3170862 0.3450616 0.2614904 0.3812158 0.2927993 0.3461529 0.3391183 0.3505773 0.3561789 0.3571995 0.2849293 0.3185620 0.2732077 0.3828294 0.3341744 0.3391183 0.3010002 0.3790194 0.2523015 0.2677882 0.2757753 0.3132345 0.2767855 0.3361399 0.3024670 0.3704267 0.2997803 0.2840695 0.3833711 0.3575874 0.2937855 0.3005210 0.4218903 0.3406280 0.2637841 0.2567205 0.2911082 0.3099110 0.2570804 0.2597830 0.3018046 0.3050824 0.2836743 0.2514772 0.3290885 0.3208271 0.3854608 0.3323457 0.2662797 0.3756961 0.3948001 0.2828514 
S0055         0.5407969 0.5674585 0.6323965 0.1028464 0.0716466 0.1009105 0.2914085 0.0000000 0.0914505 0.1088686 0.1399952 0.0341662 0.1184650 0.0965948 0.0464287 0.0694757 0.1152631 0.1457839 0.1661015 0.0979037 0.1346035 0.1118444 0.1130730 0.0838382 0.0383559 0.0380819 0.1171147 0.0838390 0.0864026 0.0900751 0.0893240 0.0653181 0.1599300 0.1279039 0.1320430 0.0639459 0.1511759 0.0987054 0.0470322 0.0305104 0.1712806 0.1229000 0.1245003 0.0605896 0.0387767 0.1258988 0.1519711 0.2326916 0.0522235 0.1501912 0.0466525 0.1388806 0.0950403 0.0509288 0.0946656 0.0900751 0.1402796 0.1237976 0.1165758 0.1286450 0.1048612 0.0850684 0.1019814 0.1321605 0.1411761 0.1311670 0.0600005 0.1599068 0.1864484 0.1341974 0.1171212 0.1391566 0.1392208 0.1460840 0.2174357 0.0951153 0.1783985 0.1680424 0.0787448 0.1171212 0.0467805 0.1093806 0.1790893 0.0344495 0.0507669 0.0976839 0.0979678 0.1353929 0.1072029 0.1469690 0.1208959 0.1185427 0.1445762 0.1574304 0.0424719 0.1072470 0.0929343 0.1082528 0.0382085 0.0316002 0.0351989 0.1030940 0.0343002 0.1114450 0.1016863 0.0919776 0.0861476 0.0271827 0.0958156 0.0811358 0.1547269 0.1482206 0.0343691 0.1560539 0.2155991 0.0468910 
S0196sl       0.5224586 0.6629063 0.7075093 0.1074189 0.1143693 0.1145873 0.3099010 0.0914505 0.0000000 0.1038742 0.0736765 0.0703653 0.0923391 0.0897955 0.0968725 0.1228490 0.0981870 0.0840384 0.0889388 0.0730913 0.0550387 0.0950529 0.1288387 0.1009025 0.0753593 0.0792324 0.0840949 0.1104766 0.0810250 0.0000010 0.1234590 0.0587532 0.0891267 0.1058655 0.1058380 0.0946798 0.1041117 0.0774223 0.0864994 0.0661234 0.1318410 0.0872352 0.1025417 0.0909431 0.0706475 0.0577134 0.0891068 0.1622810 0.0814031 0.0852106 0.0753145 0.1005236 0.0036107 0.0946074 0.0036000 0.0000010 0.0904932 0.0609602 0.0751363 0.0943132 0.0892812 0.0855015 0.0228310 0.0946254 0.0967277 0.1001204 0.0952279 0.0747217 0.1328572 0.1026371 0.0693263 0.0880321 0.1123435 0.1125182 0.1687536 0.0036129 0.1362622 0.1246250 0.0957246 0.0693263 0.0905964 0.1190963 0.1367911 0.0755248 0.0889986 0.0841437 0.0713108 0.0891946 0.0699148 0.0846877 0.0927166 0.0800625 0.0840697 0.0884014 0.0798958 0.0655307 0.1305351 0.1014823 0.0795324 0.0686161 0.0819095 0.0969931 0.0706488 0.0641603 0.1006754 0.0799423 0.0621048 0.0633685 0.0072916 0.0511510 0.0752179 0.1002572 0.0708257 0.0798006 0.1922162 0.0651794 
S0278         0.5263899 0.5953172 0.6173263 0.1551324 0.1380882 0.1645296 0.2933583 0.1088686 0.1038742 0.0000000 0.1103097 0.0854776 0.0521202 0.1324656 0.1203931 0.1094701 0.0442657 0.1226482 0.1549352 0.0189100 0.1010632 0.0655193 0.1517655 0.1239277 0.0908205 0.0900364 0.0693799 0.1175661 0.0432287 0.1022637 0.1306004 0.0392147 0.1412925 0.0842653 0.1475854 0.1268258 0.1465098 0.0314294 0.1085352 0.0764689 0.0659610 0.0601788 0.0955693 0.1146278 0.0919607 0.1098938 0.1284585 0.1787697 0.0981117 0.1347210 0.0902262 0.1550134 0.1074972 0.1017028 0.1070543 0.1022637 0.1416325 0.1080817 0.1160721 0.0876919 0.0568653 0.1299906 0.0711756 0.1344118 0.1435924 0.1408659 0.1070233 0.1404181 0.1833523 0.1345633 0.1000523 0.1577512 0.1553869 0.1628404 0.2094149 0.1075874 0.1664097 0.1909482 0.1058958 0.1000523 0.0860957 0.1381640 0.1610873 0.0756395 0.0961062 0.1523978 0.0435516 0.0939432 0.0827184 0.1236354 0.0664532 0.0477911 0.1260750 0.1281906 0.0908195 0.0969024 0.1538138 0.1408045 0.0903905 0.0799309 0.0974050 0.1264236 0.0970901 0.0830876 0.1498446 0.1212429 0.0308801 0.0741987 0.1133867 0.0435426 0.1415330 0.1043128 0.0860574 0.1225829 0.2943795 0.1014992 
S0281         0.5249892 0.6674009 0.6703646 0.1496821 0.1520281 0.1763668 0.3494911 0.1399952 0.0736765 0.1103097 0.0000000 0.1263569 0.1000611 0.1137818 0.1465576 0.1719906 0.0968565 0.0859975 0.1057202 0.0857466 0.0747840 0.1066232 0.1533527 0.1722922 0.1325512 0.1213122 0.1177538 0.1440064 0.1036235 0.0726261 0.1854884 0.0776556 0.1059158 0.1072181 0.0968356 0.1427346 0.1051438 0.1011462 0.1414097 0.1166097 0.1456810 0.1168799 0.1143924 0.1155702 0.1343259 0.0556753 0.0951587 0.2175377 0.1074674 0.0961614 0.1324053 0.1026215 0.0771845 0.1498096 0.0682962 0.0726261 0.0956511 0.0543516 0.0953402 0.1009502 0.1122342 0.1144855 0.0348489 0.1069245 0.1035721 0.1012808 0.1399857 0.0628495 0.1742655 0.1199306 0.1003235 0.1181470 0.1131565 0.1030388 0.2314293 0.0772414 0.1668973 0.1425416 0.1186166 0.1003235 0.1158845 0.1432969 0.1675369 0.1276701 0.1259464 0.1068157 0.0934083 0.1084612 0.0907119 0.0908413 0.1095285 0.0924643 0.0822016 0.0997223 0.1325277 0.0791770 0.1345010 0.1265101 0.1318470 0.1222566 0.1133794 0.1281674 0.1169666 0.1024714 0.1254898 0.1032894 0.0743074 0.0931973 0.0821693 0.0717313 0.0545703 0.1111030 0.1272713 0.0505438 0.1818619 0.1201750 
S0282         0.5145050 0.5851711 0.6640728 0.1273991 0.0858075 0.0697848 0.2651411 0.0341662 0.0703653 0.0854776 0.1263569 0.0000000 0.0954037 0.0979726 0.0061375 0.0431703 0.0965620 0.1319002 0.1647838 0.0806282 0.1012346 0.0952172 0.1262861 0.0510887 0.0035851 0.0107676 0.0943569 0.0819383 0.0659319 0.0737463 0.0557665 0.0462659 0.1404117 0.1000431 0.1214158 0.0501137 0.1324230 0.0812550 0.0262785 0.0035929 0.1415858 0.1038356 0.1166211 0.0386419 0.0109476 0.1081787 0.1377840 0.2087752 0.0511017 0.1384078 0.0182987 0.1280020 0.0783773 0.0221158 0.0780862 0.0737463 0.1266370 0.1064219 0.1138018 0.1040720 0.0732609 0.1117872 0.0712786 0.1151281 0.1243921 0.1251876 0.0300728 0.1499409 0.1821844 0.1456066 0.1097590 0.1243387 0.1283251 0.1349438 0.2240414 0.0784359 0.1658275 0.1556516 0.0841229 0.1097590 0.0378985 0.1311346 0.1664577 0.0072106 0.0379236 0.1151886 0.0763273 0.1011763 0.0767839 0.1329522 0.0972450 0.0998672 0.1203730 0.1430143 0.0181992 0.1070950 0.1215276 0.1098534 0.0107991 0.0037126 0.0303750 0.1100467 0.0146932 0.0996286 0.1031524 0.0932797 0.0699240 0.0150841 0.0834475 0.0515482 0.1449455 0.1218215 0.0000026 0.1397418 0.2730233 0.0183858 
S0289         0.5664235 0.6256306 0.6371938 0.1278200 0.1567429 0.1697990 0.2855786 0.1184650 0.0923391 0.0521202 0.1000611 0.0954037 0.0000000 0.1148380 0.1276840 0.1251515 0.0484292 0.1339038 0.1674324 0.0228740 0.1199731 0.0479885 0.1328687 0.1249177 0.1009514 0.1000571 0.0642302 0.1123765 0.0346338 0.0909385 0.1350737 0.0533225 0.1426026 0.0754454 0.1287333 0.1152319 0.1469782 0.0436646 0.1131060 0.0862081 0.0575023 0.0373012 0.0795804 0.0969308 0.1022407 0.0924913 0.1398913 0.1893387 0.0804347 0.1405380 0.0901822 0.1355944 0.0959554 0.1168009 0.0955734 0.0909385 0.1285534 0.0964746 0.0975943 0.0630433 0.0431377 0.1121832 0.0879947 0.1164728 0.1269463 0.1325360 0.1078317 0.1274913 0.1584872 0.1346479 0.0897059 0.1652557 0.1359339 0.1428279 0.2053419 0.0960328 0.1567929 0.1588075 0.0996962 0.0897059 0.1000962 0.1440493 0.1574022 0.0963417 0.1008174 0.1333952 0.0348836 0.0774318 0.0830856 0.1349858 0.0392895 0.0513213 0.1281672 0.1452067 0.1105477 0.0911920 0.1393468 0.1224622 0.1004589 0.0901804 0.1196166 0.1122140 0.0966290 0.0485349 0.1213135 0.1042590 0.0264383 0.0741053 0.1015410 0.0584630 0.1228572 0.0829081 0.0960619 0.1180501 0.1777746 0.1014544 
S0292         0.6293597 0.6673478 0.6753289 0.0890158 0.0862358 0.1712527 0.3057627 0.0965948 0.0897955 0.1324656 0.1137818 0.0979726 0.1148380 0.0000000 0.1039670 0.1385714 0.1392989 0.1014669 0.1137569 0.1044352 0.1126942 0.1189499 0.0640764 0.1214444 0.1034538 0.0933115 0.1241833 0.1417558 0.1043352 0.0884677 0.1156877 0.0781510 0.1085691 0.1196508 0.0637061 0.1129195 0.1126672 0.1220004 0.1154619 0.0942431 0.1845574 0.1252100 0.1168488 0.0886961 0.1047519 0.0936555 0.1067129 0.2598132 0.1050113 0.1071165 0.1033670 0.0686819 0.0933363 0.1190713 0.0929750 0.0884677 0.0775885 0.1020782 0.0958223 0.1042494 0.1205443 0.0554781 0.0828371 0.0637531 0.0696724 0.0590239 0.1199809 0.1033561 0.1907496 0.0929490 0.0880478 0.1338786 0.0688778 0.0739078 0.2507821 0.0934094 0.1908271 0.1063597 0.0590564 0.0880478 0.1088723 0.0634006 0.1915600 0.0989200 0.0987943 0.0589375 0.1052728 0.1021075 0.0920264 0.1022427 0.1111332 0.1302648 0.0875776 0.1114683 0.1026667 0.0844441 0.0782000 0.0263938 0.1029563 0.0878700 0.0955153 0.0510746 0.0884694 0.1138492 0.0301393 0.0108142 0.0879076 0.0722597 0.0940839 0.0813293 0.0988302 0.1163837 0.0986365 0.1042568 0.0865257 0.0985178 
S0293         0.5504507 0.6220729 0.8130787 0.1579386 0.7844270 0.0705885 0.2646707 0.0464287 0.0968725 0.1203931 0.1465576 0.0061375 0.1276840 0.1039670 0.0000000 0.0329521 0.1388619 0.1743449 0.2299520 0.1194637 0.0726057 0.1515596 0.1578773 0.0541842 0.0124879 0.0250416 0.1707695 0.1107671 0.0998779 0.1024631 0.0467388 0.0546662 0.1902268 0.1622844 0.1143297 0.0833074 0.1346691 0.1300203 0.0470281 0.0124595 0.2011271 0.1538869 0.1826993 0.0463822 0.0256374 0.1471844 0.1852923 0.1728009 0.0769941 0.1875998 0.0322371 0.1457143 0.1111928 0.0254298 0.1024631 0.1024631 0.1437829 0.1456052 0.1390215 0.1546274 0.0564015 0.1489733 0.0527203 0.1231103 0.1396220 0.1324215 0.0256747 0.1657572 0.1503795 0.2039130 0.1361090 0.1700877 0.1474729 0.1458804 0.1971937 0.1024631 0.1284431 0.2397184 0.0965956 0.1361090 0.0536881 0.1615729 0.1374947 0.0189234 0.0457722 0.1528171 0.1200415 0.1599014 0.1437448 0.1875998 0.1302406 0.1582716 0.1340442 0.2070162 0.0250896 0.1227681 0.1927052 0.1337507 0.0186704 0.0126694 0.0601517 0.1445220 0.0322417 0.1351071 0.1213383 0.1050272 0.1073750 0.0327978 0.1024631 0.1269148 0.1556176 0.1864302 0.0061667 0.1694553 0.2948223 0.0187528 
S0294         0.4955456 0.4993573 0.5982475 0.1459175 0.1418207 0.1229603 0.2905354 0.0694757 0.1228490 0.1094701 0.1719906 0.0431703 0.1251515 0.1385714 0.0329521 0.0000000 0.1267641 0.1722761 0.2031134 0.1041255 0.1547836 0.1363518 0.1647671 0.0791857 0.0475999 0.0511537 0.1466032 0.1028785 0.1132886 0.1271976 0.0755360 0.0953664 0.1826923 0.1302435 0.1477007 0.0869455 0.1606694 0.1042106 0.0702875 0.0433599 0.1721756 0.1545792 0.1437910 0.0662874 0.0521278 0.1713638 0.1789385 0.2513027 0.0792031 0.1799148 0.0602903 0.1551236 0.1327050 0.0562911 0.1321413 0.1271976 0.1655869 0.1683302 0.1631253 0.1353851 0.1316723 0.1421186 0.1201867 0.1406256 0.1509564 0.1514828 0.0563040 0.1991965 0.2079550 0.2014088 0.1589962 0.1406111 0.1554968 0.1629449 0.2600267 0.1328216 0.2026994 0.1818810 0.1228213 0.1589962 0.0740437 0.1634138 0.2034635 0.0474776 0.0741207 0.1516504 0.1215297 0.1294136 0.1423208 0.1737015 0.1448905 0.1299766 0.1364936 0.1847409 0.0515466 0.1483797 0.1590209 0.1468422 0.0513316 0.0449683 0.0572792 0.1403190 0.0518794 0.1549500 0.1445000 0.1278452 0.1017868 0.0536044 0.1390398 0.1151858 0.1936895 0.1554341 0.0434360 0.1879925 0.2659961 0.0606097 
S0299         0.6066649 0.6677195 0.7097884 0.1574990 0.1345387 0.1517893 0.2854709 0.1152631 0.0981870 0.0442657 0.0968565 0.0965620 0.0484292 0.1392989 0.1388619 0.1267641 0.0000000 0.1425550 0.1619486 0.0355985 0.1244624 0.0618507 0.1585868 0.1369229 0.1021912 0.1012739 0.0657571 0.1262187 0.0478181 0.0966779 0.1434664 0.0673729 0.1627908 0.0951604 0.1549801 0.1397112 0.1538066 0.0233692 0.1209375 0.0872516 0.0581832 0.0714496 0.1011170 0.1273883 0.1035124 0.1102011 0.1482279 0.1950946 0.1042181 0.1556210 0.1011355 0.1626745 0.1018145 0.1182633 0.0966779 0.0966779 0.1488592 0.1023679 0.1122514 0.0883647 0.0824238 0.1358671 0.0811309 0.1413792 0.1588026 0.1480422 0.1191948 0.1341281 0.1779026 0.1311128 0.1060277 0.1746788 0.1630622 0.1633783 0.2211839 0.1018985 0.1673651 0.1942620 0.1120679 0.1060277 0.0918029 0.1603089 0.1677924 0.0975233 0.0906889 0.1598746 0.0573283 0.1078081 0.1106934 0.1437316 0.0716575 0.0351854 0.1413446 0.1543071 0.1021857 0.0981189 0.1559945 0.1479602 0.1016858 0.0913231 0.1049159 0.1475297 0.1088747 0.0732480 0.1571382 0.1277721 0.0352194 0.0743872 0.1075653 0.0675574 0.1351767 0.1047148 0.0968980 0.1243308 0.2305755 0.1084215 
S0303         0.6935992 0.8165404 0.8228978 0.1351947 0.1427765 0.2021752 0.3587967 0.1457839 0.0840384 0.1226482 0.0859975 0.1319002 0.1339038 0.1014669 0.1743449 0.1722761 0.1425550 0.0000000 0.0719461 0.1075129 0.0283631 0.1236080 0.1472738 0.1782494 0.1381962 0.1268133 0.1245490 0.1402534 0.1207552 0.0828154 0.1810406 0.0868653 0.0181857 0.1243416 0.0864169 0.1497146 0.0851501 0.1192587 0.1472683 0.1220781 0.1735776 0.1421209 0.1451835 0.1095036 0.1400557 0.0646377 0.0144853 0.2643234 0.1238418 0.0071788 0.1495730 0.0823346 0.0780782 0.1556488 0.0872261 0.0828154 0.0911864 0.0726604 0.0891714 0.1368697 0.1246409 0.1040913 0.0227307 0.0771196 0.0736838 0.0721327 0.1520679 0.0819294 0.2209913 0.1466740 0.0906772 0.0815206 0.0921575 0.0976933 0.2731597 0.0876243 0.2055358 0.1112446 0.1029742 0.0906772 0.1340047 0.1239570 0.2063213 0.1332802 0.1331076 0.0871349 0.1099316 0.1510541 0.1012461 0.0108362 0.1460497 0.1207447 0.0753179 0.0181857 0.1381684 0.0786486 0.1231039 0.1150964 0.1273514 0.1280262 0.1183847 0.1067301 0.1386790 0.1342995 0.1093676 0.0915424 0.0998032 0.0980672 0.0927931 0.0815671 0.0824706 0.1492100 0.1328601 0.0781600 0.1771948 0.1361218 
S0308         0.6298606 0.7645446 0.8043876 0.1632214 0.1180057 0.2018499 0.3345968 0.1661015 0.0889388 0.1549352 0.1057202 0.1647838 0.1674324 0.1137569 0.2299520 0.2031134 0.1619486 0.0719461 0.0000000 0.1383726 0.0539256 0.1548974 0.1559269 0.1742738 0.1719551 0.1592619 0.1206501 0.1413977 0.1523571 0.0983068 0.2188858 0.0815187 0.0628051 0.1559203 0.0976165 0.1789457 0.1003603 0.1186809 0.1961915 0.1541644 0.2033411 0.1435087 0.1732742 0.1381186 0.1465344 0.0979530 0.0719460 0.2668306 0.1509945 0.0815964 0.1787380 0.0822592 0.0932989 0.1913295 0.1029013 0.0983068 0.1135447 0.1007333 0.1151484 0.1647168 0.1440590 0.1209459 0.0282605 0.0976955 0.0834682 0.0922061 0.1661345 0.1107615 0.2292708 0.1568701 0.1031675 0.1075762 0.0943720 0.1038895 0.2576728 0.1033922 0.2363793 0.1013188 0.1217589 0.1031675 0.1619938 0.1270963 0.2372727 0.1666383 0.1534417 0.0935218 0.1403208 0.1687499 0.1105802 0.0680143 0.1810593 0.1388202 0.0954289 0.0667902 0.1718917 0.0949828 0.1635320 0.1284584 0.1709338 0.1550527 0.1378597 0.1125229 0.1517817 0.1320946 0.1223729 0.1032970 0.1291721 0.1212892 0.0986983 0.0908538 0.1115428 0.1623739 0.1654224 0.1018106 0.2019410 0.1636835 
S0320         0.4928435 0.5699701 0.6015091 0.1224847 0.1257665 0.1462394 0.2543787 0.0979037 0.0730913 0.0189100 0.0857466 0.0806282 0.0228740 0.1044352 0.1194637 0.1041255 0.0355985 0.1075129 0.1383726 0.0000000 0.0938979 0.0434446 0.1218122 0.1085182 0.0858734 0.0851420 0.0511597 0.1018532 0.0309317 0.0719978 0.1249775 0.0336982 0.1253800 0.0661196 0.1176914 0.1048173 0.1297051 0.0231772 0.0979370 0.0717089 0.0581860 0.0421469 0.0762295 0.0927262 0.0869425 0.0784452 0.1131218 0.1829871 0.0722870 0.1191047 0.0804272 0.1242578 0.0767774 0.0965698 0.0764826 0.0719978 0.1076853 0.0771995 0.0868822 0.0683689 0.0503123 0.1016679 0.0643982 0.1059001 0.1156833 0.1116774 0.0922494 0.1068306 0.1498721 0.1073784 0.0752850 0.1366087 0.1245788 0.1311819 0.1960387 0.0768366 0.1475267 0.1527543 0.0848307 0.0752850 0.0760782 0.1226539 0.1429077 0.0760498 0.0857720 0.1222826 0.0229361 0.0782960 0.0760248 0.1083787 0.0397423 0.0307380 0.1118942 0.1132868 0.0858739 0.0719288 0.1233849 0.1116810 0.0854730 0.0749281 0.0937107 0.1016784 0.0869117 0.0540219 0.1106381 0.0941818 0.0111072 0.0597016 0.0820062 0.0371442 0.1076166 0.0839385 0.0811705 0.1028927 0.1704590 0.0912670 
S0322         0.5918812 0.8434943 0.7369437 0.1754608 0.1550945 0.1756411 0.3712839 0.1346035 0.0550387 0.1010632 0.0747840 0.1012346 0.1199731 0.1126942 0.0726057 0.1547836 0.1244624 0.0283631 0.0539256 0.0938979 0.0000000 0.1067730 0.1397007 0.1360868 0.1012346 0.1012346 0.0988915 0.1524670 0.1012287 0.0550387 0.1706468 0.0995757 0.0226983 0.0831961 0.0814800 0.1448771 0.0658317 0.0873886 0.1011084 0.0942795 0.1548944 0.1228240 0.1252592 0.0917671 0.1019030 0.0613478 0.0111065 0.2084305 0.1296573 0.0283631 0.1090522 0.0673940 0.0550387 0.1346146 0.0614313 0.0550387 0.0735324 0.0741064 0.0863231 0.1134546 0.1430121 0.0992404 0.0347605 0.0670265 0.0605484 0.0734515 0.1090117 0.0814922 0.2007865 0.1550034 0.0824404 0.0799893 0.0738585 0.0613513 0.2321135 0.0484398 0.1857279 0.0752595 0.1153471 0.0824404 0.1446929 0.0901096 0.1782864 0.1012346 0.1108381 0.0752231 0.0937793 0.1052583 0.1176142 0.0167445 0.1294703 0.1020910 0.0653132 0.0167445 0.1250548 0.0824231 0.1233681 0.1165343 0.1091504 0.1002444 0.1018127 0.1019983 0.1010353 0.1155824 0.1169365 0.0970816 0.0856697 0.0806396 0.0690876 0.0817610 0.0823144 0.1073028 0.1023213 0.0743844 9.0000000 0.0915385 
S0327         0.6156651 0.7029750 0.7337677 0.1322867 0.1233448 0.1825991 0.3094980 0.1118444 0.0950529 0.0655193 0.1066232 0.0952172 0.0479885 0.1189499 0.1515596 0.1363518 0.0618507 0.1236080 0.1548974 0.0434446 0.1067730 0.0000000 0.1319875 0.1303930 0.1007585 0.0998672 0.0592345 0.1274688 0.0426496 0.0936381 0.1419228 0.0392147 0.1316224 0.0553442 0.1444284 0.1193443 0.1358278 0.0567483 0.1186387 0.0860320 0.0849179 0.0551475 0.0933904 0.1181046 0.1020447 0.0847052 0.1292472 0.2519861 0.1056425 0.1297987 0.1000762 0.1516470 0.0985835 0.1059677 0.0981978 0.0936381 0.1207966 0.0786897 0.0953633 0.0717799 0.0635893 0.0952242 0.0769786 0.1445614 0.1406264 0.1481613 0.1189628 0.1282233 0.2156906 0.1411329 0.0819807 0.1529705 0.1520085 0.1592510 0.2807724 0.0986620 0.2120953 0.1769360 0.0937017 0.0819807 0.0940759 0.1482851 0.2129010 0.0961531 0.0947412 0.1201249 0.0343664 0.0931712 0.0820904 0.1245710 0.0562234 0.0551344 0.1182212 0.1342826 0.1103482 0.0832763 0.1436022 0.1266598 0.1002679 0.0899913 0.1129189 0.1218647 0.1073271 0.0815186 0.1255672 0.1083278 0.0468706 0.0679002 0.1041009 0.0362649 0.1291744 0.0973395 0.0958742 0.1244717 0.2367368 0.1117858 
S0335         0.6613350 0.6752595 0.6444835 0.0737759 0.0094107 0.1863136 0.3484578 0.1130730 0.1288387 0.1517655 0.1533527 0.1262861 0.1328687 0.0640764 0.1578773 0.1647671 0.1585868 0.1472738 0.1559269 0.1218122 0.1397007 0.1319875 0.0000000 0.1577200 0.1324630 0.1312046 0.1324466 0.1613506 0.1217197 0.1268229 0.1646282 0.1098288 0.1611505 0.1505101 0.0973902 0.1305350 0.1654552 0.1401983 0.1461099 0.1225300 0.2077081 0.1330841 0.1595753 0.1213563 0.1342319 0.1390754 0.1574896 0.2692313 0.1325448 0.1540734 0.1318398 0.1032075 0.1323303 0.1496667 0.1317679 0.1268229 0.1130317 0.1367793 0.1512233 0.1464838 0.1201511 0.0819163 0.1165236 0.0974686 0.1047909 0.1010984 0.1629031 0.1607917 0.1970596 0.1299737 0.1353026 0.1845184 0.0734343 0.0874846 0.2597571 0.1324465 0.2090379 0.1169061 0.0548166 0.1353026 0.1487833 0.0823555 0.2098454 0.1275950 0.1490442 0.0722304 0.1228740 0.1505417 0.1245257 0.1531722 0.1304073 0.1433621 0.1356785 0.1634355 0.1426139 0.1318312 0.0585279 0.0696161 0.1317616 0.1221931 0.1399313 0.0784983 0.1159293 0.1451801 0.0876201 0.0642299 0.1040459 0.1087637 0.1334943 0.0665308 0.1557386 0.1613401 0.1267401 0.1560837 0.1387206 0.1270351 
S0376         0.4561193 0.5808772 0.6640199 0.1652613 0.1410375 0.1043219 0.2797387 0.0838382 0.1009025 0.1239277 0.1722922 0.0510887 0.1249177 0.1214444 0.0541842 0.0791857 0.1369229 0.1782494 0.1742738 0.1085182 0.1360868 0.1303930 0.1577200 0.0000000 0.0556121 0.0551907 0.1202354 0.0769937 0.1077499 0.1107172 0.0431457 0.0955935 0.1597096 0.1606708 0.1714134 0.0813476 0.1789440 0.0962289 0.0745704 0.0473917 0.1836200 0.1215231 0.1682106 0.0845483 0.0384600 0.1520631 0.1849970 0.2142927 0.0830698 0.1860279 0.0603503 0.1513253 0.1159819 0.0690023 0.1155044 0.1107172 0.1723145 0.1616724 0.1365804 0.1549720 0.1049468 0.1606224 0.1030157 0.1637400 0.1488568 0.1751078 0.0558264 0.1995765 0.2125328 0.1494703 0.1238167 0.1580634 0.1798721 0.1879406 0.2297210 0.1160797 0.1999761 0.1791589 0.1120206 0.1238167 0.0783070 0.1835504 0.2007248 0.0515321 0.0605487 0.1476872 0.1204610 0.1298505 0.1170144 0.1797254 0.1333599 0.1400484 0.1649733 0.1755649 0.0552536 0.1308262 0.1648047 0.1404114 0.0553839 0.0445590 0.0751954 0.1287446 0.0562284 0.1343263 0.1225561 0.1164501 0.1057910 0.0444045 0.1219493 0.0894957 0.1940544 0.1529822 0.0514043 0.1883437 0.3398999 0.0600852 
S0400         0.5172117 0.6043634 0.6863254 0.1341197 0.0858075 0.0747302 0.2746103 0.0383559 0.0753593 0.0908205 0.1325512 0.0035851 0.1009514 0.1034538 0.0124879 0.0475999 0.1021912 0.1381962 0.1719551 0.0858734 0.1012346 0.1007585 0.1324630 0.0556121 0.0000000 0.0144951 0.0998327 0.0870054 0.0708545 0.0787279 0.0604067 0.0462659 0.1470047 0.1056740 0.1275128 0.0545359 0.1387439 0.0865491 0.0303399 0.0072551 0.1482573 0.1100025 0.1226346 0.0429574 0.0147407 0.1141060 0.1442073 0.2168810 0.0556268 0.1448821 0.0221752 0.1342896 0.0834475 0.0260594 0.0831325 0.0787279 0.1328333 0.1122316 0.1203841 0.1099787 0.0732609 0.1177188 0.0712786 0.1210463 0.1306828 0.1312901 0.0341781 0.1566680 0.1896740 0.1522782 0.1155545 0.1303830 0.1346256 0.1414339 0.2325567 0.0835110 0.1728144 0.1634423 0.0893708 0.1155545 0.0421186 0.1373767 0.1734698 0.0109208 0.0421484 0.1211129 0.0815274 0.1077563 0.0767839 0.1393062 0.1029305 0.1054823 0.1263899 0.1495322 0.0220533 0.1129598 0.1276286 0.1156520 0.0145394 0.0074996 0.0345233 0.1158682 0.0185488 0.1054779 0.1087421 0.0986766 0.0748824 0.0190471 0.0886397 0.0515482 0.1515924 0.1281722 0.0036050 0.1463079 0.2998060 0.0222821 
S0405         0.5053931 0.5752651 0.6395665 0.1327360 0.0858075 0.0741237 0.2651411 0.0380819 0.0792324 0.0900364 0.1213122 0.0107676 0.1000571 0.0933115 0.0250416 0.0511537 0.1012739 0.1268133 0.1592619 0.0851420 0.1012346 0.0998672 0.1312046 0.0551907 0.0144951 0.0000000 0.0989586 0.0775207 0.0702789 0.0780862 0.0599393 0.0462659 0.1351525 0.1047290 0.1164128 0.0460660 0.1273196 0.0858064 0.0301287 0.0072085 0.1467655 0.1089299 0.1214868 0.0426433 0.0146433 0.1032194 0.1326383 0.2144588 0.0469687 0.1332272 0.0220268 0.1228929 0.0827588 0.0258826 0.0824491 0.0780862 0.1215917 0.1015460 0.1083472 0.1089521 0.0732609 0.0971943 0.0712786 0.1102253 0.1192546 0.1202061 0.0339387 0.1446479 0.1876441 0.1403237 0.1145033 0.1193985 0.1232092 0.1297252 0.2298861 0.0828212 0.1604535 0.1495854 0.0886120 0.1145033 0.0339636 0.1260839 0.1610672 0.0108501 0.0339849 0.1102813 0.0808356 0.1066332 0.0767839 0.1278263 0.1019981 0.1045414 0.1154267 0.1378322 0.0219066 0.1067150 0.1067401 0.0998247 0.0144450 0.0074500 0.0264637 0.1051871 0.0184249 0.1044978 0.0984359 0.0886576 0.0742729 0.0112627 0.0878947 0.0515482 0.1396776 0.1269136 0.0108268 0.1344987 0.2556982 0.0221324 
S0407sl       0.5426041 0.5955106 0.6185111 0.1392665 0.0743475 0.1522305 0.2953017 0.1171147 0.0840949 0.0693799 0.1177538 0.0943569 0.0642302 0.1241833 0.1707695 0.1466032 0.0657571 0.1245490 0.1206501 0.0511597 0.0988915 0.0592345 0.1324466 0.1202354 0.0998327 0.0989586 0.0000000 0.1196442 0.0468081 0.0933403 0.1522732 0.0394369 0.1089209 0.0874453 0.1385260 0.1148529 0.1483109 0.0305186 0.1226761 0.0852638 0.1092403 0.0453923 0.0982669 0.1174717 0.0796222 0.1003691 0.1302443 0.2118486 0.1107761 0.1308068 0.0947744 0.1205540 0.0884111 0.1154880 0.0978851 0.0933403 0.1430286 0.0987869 0.1025240 0.0859790 0.0638635 0.1097349 0.0697192 0.1259573 0.1285909 0.1422727 0.1097768 0.1402333 0.1857181 0.1276696 0.0878467 0.1613467 0.1472080 0.1652651 0.2255700 0.0983466 0.1960349 0.1619860 0.0986038 0.0878467 0.1092395 0.1487144 0.1965179 0.0952737 0.1100323 0.1146825 0.0384140 0.0868452 0.0748970 0.1255269 0.0653536 0.0506659 0.1298728 0.1229418 0.1093208 0.0935941 0.1433990 0.1320773 0.0993516 0.0836704 0.1182422 0.1087818 0.1063154 0.0524428 0.1297841 0.1134059 0.0506256 0.0829427 0.1037638 0.0116532 0.1413077 0.0979142 0.0950008 0.1364834 0.2569149 0.1107308 
S0412sl       0.4975752 0.5896391 0.6676387 0.1623586 0.1417064 0.1148709 0.3032811 0.0838390 0.1104766 0.1175661 0.1440064 0.0819383 0.1123765 0.1417558 0.1107671 0.1028785 0.1262187 0.1402534 0.1413977 0.1018532 0.1524670 0.1274688 0.1613506 0.0769937 0.0870054 0.0775207 0.1196442 0.0000000 0.1332741 0.1204363 0.1126667 0.0880567 0.1336276 0.1630015 0.1572301 0.0508236 0.1831449 0.0963573 0.0937003 0.0782655 0.1665787 0.1015925 0.1873249 0.0694837 0.0681420 0.1387831 0.1463652 0.2013747 0.0429809 0.1530391 0.0827438 0.1381636 0.1257950 0.1016215 0.1252720 0.1204363 0.1643709 0.1364189 0.1473172 0.1785820 0.1115863 0.1588167 0.1184467 0.1573791 0.1532277 0.1503989 0.0773672 0.1615478 0.1999810 0.1611125 0.1486490 0.1580962 0.1543561 0.1727780 0.2207486 0.1259026 0.1911367 0.1621562 0.1256510 0.1486490 0.0737149 0.1474912 0.1918696 0.0826921 0.0737910 0.1460884 0.1345711 0.1831784 0.1402620 0.1413940 0.1413597 0.1279962 0.1746083 0.1383205 0.0870056 0.1404173 0.1468682 0.1558287 0.0778074 0.0761645 0.0665350 0.1489981 0.0832547 0.1220827 0.1476404 0.1311165 0.0851740 0.0572722 0.1319201 0.0888603 0.1563140 0.1900014 0.0824687 0.1576714 0.2450740 0.0874225 
S0417         0.5506197 0.6222866 0.6406343 0.1286969 0.1113293 0.1495127 0.2733639 0.0864026 0.0810250 0.0432287 0.1036235 0.0659319 0.0346338 0.1043352 0.0998779 0.1132886 0.0478181 0.1207552 0.1523571 0.0309317 0.1012287 0.0426496 0.1217197 0.1077499 0.0708545 0.0702789 0.0468081 0.1332741 0.0000000 0.0798265 0.1184988 0.0275154 0.1288100 0.0644094 0.1185585 0.1047175 0.1114341 0.0350224 0.0914840 0.0573426 0.0695771 0.0323538 0.0552762 0.1030444 0.0717081 0.0864294 0.1264546 0.1823501 0.0803727 0.1269973 0.0704270 0.1355273 0.0846188 0.0852632 0.0842946 0.0798265 0.1059398 0.0850728 0.0908012 0.0437496 0.0363726 0.1015653 0.0712875 0.1066333 0.1146899 0.1224120 0.0916187 0.1254348 0.1553437 0.1214352 0.0787901 0.1504294 0.1358677 0.1427613 0.1953727 0.0846841 0.1401383 0.1666072 0.0798619 0.0787901 0.0708015 0.1326114 0.1406941 0.0665382 0.0802875 0.1221903 0.0147390 0.0549072 0.0541078 0.1217125 0.0305776 0.0512738 0.1153173 0.1315544 0.0797988 0.0800489 0.1279573 0.1115821 0.0705411 0.0598316 0.0872250 0.1068700 0.0765028 0.0483405 0.1158956 0.0940804 0.0344175 0.0496239 0.0898960 0.0304933 0.1263766 0.0531862 0.0663605 0.1216073 0.2411619 0.0807761 
S0419         0.5439860 0.6891060 0.7281001 0.1056231 0.1143693 0.1249931 0.3099010 0.0900751 0.0000010 0.1022637 0.0726261 0.0737463 0.0909385 0.0884677 0.1024631 0.1271976 0.0966779 0.0828154 0.0983068 0.0719978 0.0550387 0.0936381 0.1268229 0.1107172 0.0787279 0.0780862 0.0933403 0.1204363 0.0798265 0.0000000 0.1215379 0.0587532 0.0985011 0.1042632 0.1042339 0.0932773 0.1025634 0.0868314 0.0852045 0.0651694 0.1297381 0.0973798 0.1009721 0.0901050 0.0796719 0.0568807 0.0878018 0.1735473 0.0801944 0.0839545 0.0786794 0.1103254 0.0035640 0.0932055 0.0035535 0.0000010 0.0891448 0.0600939 0.0789006 0.0928546 0.0892812 0.0842371 0.0228310 0.0932207 0.1008885 0.0986184 0.0995529 0.0736434 0.1307991 0.1010658 0.0726654 0.0912678 0.1106151 0.1107836 0.1802074 0.0035661 0.1341735 0.1294516 0.0942879 0.0726654 0.0892468 0.1226459 0.1346891 0.0744231 0.0876951 0.0876696 0.0702689 0.0937837 0.0699148 0.0834468 0.0913048 0.0788923 0.0828481 0.0923867 0.0787301 0.0693935 0.1284682 0.0999438 0.0783773 0.0679854 0.0806858 0.1011634 0.0696253 0.0733900 0.0991599 0.0787745 0.0612055 0.0624333 0.0071965 0.0511510 0.0741250 0.1036308 0.0742238 0.0786377 0.1836375 0.0642520 
S0427         0.5533489 0.6792084 0.7239901 0.1656122 0.1612975 0.1285723 0.3462426 0.0893240 0.1234590 0.1306004 0.1854884 0.0557665 0.1350737 0.1156877 0.0467388 0.0755360 0.1434664 0.1810406 0.2188858 0.1249775 0.1706468 0.1419228 0.1646282 0.0431457 0.0604067 0.0599393 0.1522732 0.1126667 0.1184988 0.1215379 0.0000000 0.1455222 0.1916588 0.1732468 0.1693150 0.0866206 0.1817336 0.1255797 0.0700186 0.0520426 0.1971664 0.1619238 0.1690928 0.0846458 0.0611074 0.1551317 0.1869949 0.2479003 0.0884861 0.1887698 0.0691949 0.1772354 0.1269667 0.0699140 0.1264324 0.1215379 0.1751617 0.1646252 0.1475798 0.1557624 0.1513692 0.1676978 0.1351883 0.1617647 0.1738008 0.1729823 0.0841389 0.2022032 0.2125761 0.1619094 0.1400055 0.1603917 0.1776336 0.1855691 0.2462161 0.1270767 0.2000253 0.1979421 0.1166676 0.1400055 0.0836134 0.1730680 0.2007742 0.0562589 0.0742444 0.1715808 0.1317812 0.1379999 0.1471149 0.1825182 0.1451989 0.1471208 0.1565466 0.1935349 0.0516175 0.1426052 0.1725795 0.1412422 0.0601532 0.0540097 0.0709169 0.1599980 0.0610868 0.1759468 0.1394029 0.1107670 0.1119094 0.0487960 0.1331806 0.1340415 0.1967413 0.1770856 0.0559408 0.1840738 0.2634105 0.0649827 
S0428sl       0.5415771 0.5514164 0.5731842 0.1253184 0.0827606 0.1293161 0.2670634 0.0653181 0.0587532 0.0392147 0.0776556 0.0462659 0.0533225 0.0781510 0.0546662 0.0953664 0.0673729 0.0868653 0.0815187 0.0336982 0.0995757 0.0392147 0.1098288 0.0955935 0.0462659 0.0462659 0.0394369 0.0880567 0.0275154 0.0587532 0.1455222 0.0000000 0.0877511 0.0449658 0.0813446 0.0802469 0.0866064 0.0400912 0.0659061 0.0404000 0.0797033 0.0296290 0.0642529 0.0742096 0.0465223 0.0672338 0.0875745 0.1715521 0.0813688 0.0936400 0.0525233 0.0737919 0.0587532 0.0660470 0.0649122 0.0587532 0.0795118 0.0659759 0.0976990 0.0527999 0.0466793 0.0804384 0.0681584 0.0733857 0.0802519 0.0798619 0.0659644 0.1010620 0.1810124 0.0995792 0.0927161 0.1174249 0.0892918 0.1056170 0.2087738 0.0653244 0.1682447 0.1217562 0.0726904 0.0927161 0.0522852 0.1007875 0.1614741 0.0462659 0.0728780 0.0664532 0.0277960 0.0405212 0.0655030 0.0800238 0.0341205 0.0719034 0.0854064 0.0800238 0.0653289 0.0860059 0.1014533 0.0789047 0.0525542 0.0360885 0.0672800 0.0660152 0.0531466 0.0409634 0.0862792 0.0646742 0.0334625 0.0419275 0.0656659 0.0392795 0.1021120 0.0540213 0.0466868 0.0869082 0.4370370 0.0661405 
S0430         0.6671171 0.7851032 0.8409705 0.1433957 0.1575135 0.1989405 0.3541729 0.1599300 0.0891267 0.1412925 0.1059158 0.1404117 0.1426026 0.1085691 0.1902268 0.1826923 0.1627908 0.0181857 0.0628051 0.1253800 0.0226983 0.1316224 0.1611505 0.1597096 0.1470047 0.1351525 0.1089209 0.1336276 0.1288100 0.0985011 0.1916588 0.0877511 0.0000000 0.1324354 0.0881295 0.1589738 0.0868067 0.1130706 0.1616231 0.1302684 0.1957324 0.1245472 0.1592484 0.1060734 0.1233186 0.0835895 0.0222610 0.2540599 0.1427062 0.0220763 0.1539213 0.0641515 0.0934897 0.1651620 0.1030987 0.0985011 0.1022263 0.0918621 0.0917787 0.1458455 0.1260739 0.1114506 0.0287401 0.0786214 0.0650706 0.0823051 0.1415426 0.1017109 0.2461122 0.1668844 0.0930009 0.0969136 0.0940197 0.0997003 0.2625986 0.1035909 0.2296006 0.1008872 0.1147200 0.0930009 0.1533679 0.1315904 0.2304718 0.1419274 0.1417403 0.0934503 0.1175539 0.1467412 0.1023481 0.0185037 0.1552753 0.1390306 0.0767425 0.0182061 0.1575904 0.0896365 0.1409821 0.1229172 0.1357444 0.1302162 0.1364366 0.1023132 0.1475364 0.1224788 0.1169395 0.0982666 0.1168403 0.1050840 0.1091162 0.0824852 0.1024187 0.1536766 0.1414640 0.0979362 0.2336022 0.1447325 
S0478         0.5671321 0.6465176 0.6839105 0.1353880 0.1227441 0.1560960 0.3001072 0.1279039 0.1058655 0.0842653 0.1072181 0.1000431 0.0754454 0.1196508 0.1622844 0.1302435 0.0951604 0.1243416 0.1559203 0.0661196 0.0831961 0.0553442 0.1505101 0.1606708 0.1056740 0.1047290 0.0874453 0.1630015 0.0644094 0.1042632 0.1732468 0.0449658 0.1324354 0.0000000 0.1338152 0.1317631 0.1250023 0.0801003 0.1128651 0.0907844 0.1041521 0.0752439 0.0786984 0.0974038 0.1070309 0.0950778 0.1300266 0.2531533 0.1176273 0.1305869 0.0854805 0.1407987 0.1093883 0.1109452 0.1089479 0.1042632 0.1215214 0.0887117 0.1136260 0.0620611 0.0639009 0.0957524 0.0554154 0.1339365 0.1242867 0.1375994 0.1131782 0.1289905 0.2227894 0.1559248 0.1023626 0.1363866 0.1411470 0.1429136 0.2775882 0.1094783 0.2098426 0.1721274 0.1155082 0.1023626 0.1195888 0.1428961 0.2106349 0.1010331 0.1204690 0.1208405 0.0602995 0.0762382 0.0606786 0.1253165 0.0707440 0.0830511 0.1132332 0.1351022 0.1153408 0.1040667 0.1574107 0.1274348 0.1051527 0.0949904 0.1183039 0.1166929 0.1017765 0.0819547 0.1318057 0.1089441 0.0649250 0.0880539 0.1151631 0.0427138 0.1299546 0.0819541 0.1007370 0.1193729 0.2679501 0.1061990 
