84
CRNC          0.0000000 0.2722393 0.1657328 0.4083174 0.6953783 0.4429794 0.5201034 0.4001435 0.4253960 0.4313192 0.5057645 0.3920796 0.3680796 0.4064199 0.3040597 0.5228052 0.3296080 0.3658699 0.3078790 0.4262507 0.4354350 0.4132188 0.4342520 0.5458875 0.5076694 0.3577720 0.4926545 0.3847732 0.6127889 0.4286220 0.3210803 0.4586517 0.5032821 0.4452146 0.3658699 0.3466572 0.3331397 0.4782815 0.3626203 0.5044561 0.3193991 0.4631688 0.3745527 0.3523387 0.4594410 0.4512784 0.3283596 0.2774817 0.3259353 0.3994575 0.3772013 0.5187162 0.3658699 0.5298889 0.4349334 0.4071655 0.3039902 0.3355749 0.4175470 0.5260120 0.4710745 0.3772013 0.3711261 0.4782815 0.5075128 0.3188652 0.4175222 0.3335420 0.3169109 0.4047253 0.3439260 0.2886219 0.3077874 0.4695400 0.3594667 0.4078573 0.4142342 0.3519113 0.4858120 0.3623358 0.4266529 0.4856960 0.4491451 0.4573475 
HYZL          0.2722393 0.0000000 0.1025236 0.2591132 0.3017624 0.2790403 0.2803740 0.2822572 0.2993852 0.2776134 0.3023558 0.2896568 0.3486091 0.2832663 0.2745052 0.3212436 0.2376835 0.3437192 0.3270732 0.2390179 0.3131226 0.2733898 0.3111757 0.2817820 0.3068048 0.3504932 0.3687698 0.2771214 0.3313799 0.2721371 0.2271970 0.3100237 0.2817820 0.2790403 0.2993852 0.2725413 0.3101845 0.3869126 0.3359211 0.3131226 0.2688329 0.2813651 0.2616002 0.3291064 0.3713087 0.2893820 0.2581467 0.4037632 0.2330084 0.2816231 0.2618367 0.2961876 0.2993852 0.3155228 0.3173679 0.2419501 0.3381721 0.1983049 0.2923964 0.3155228 0.2817820 0.2497870 0.2585133 0.3869126 0.4491936 0.2815970 0.2330274 0.2101514 0.3207167 0.2556615 0.2011158 0.2011839 0.2062795 0.2898725 0.2525875 0.2616002 0.2299581 0.2469176 0.3962669 0.3679365 0.2462328 0.3912793 0.3238578 0.3671872 
MYZV          0.1657328 0.1025236 0.0000000 0.3296349 0.3874912 0.2647339 0.3673417 0.3128161 0.3507537 0.3208917 0.2969849 0.2695737 0.3479176 0.2639406 0.2988610 0.3097794 0.2418777 0.2985787 0.3202318 0.3009002 0.3027319 0.2748134 0.3404493 0.3241160 0.3687019 0.3372053 0.3459813 0.2550820 0.4064505 0.2558226 0.2227453 0.3323768 0.2971755 0.2672313 0.2985787 0.3038692 0.2772398 0.3165100 0.3249479 0.3546740 0.2936352 0.3236769 0.2545975 0.2858089 0.3680502 0.3790888 0.2378356 0.2373843 0.2382046 0.2750001 0.2934357 0.3708626 0.2985787 0.3933826 0.3721971 0.2910943 0.2670057 0.2233168 0.3212718 0.3898440 0.2751395 0.3037893 0.2613052 0.3165100 0.3140241 0.3157676 0.3162599 0.2304618 0.2488179 0.2870182 0.2534915 0.1815904 0.2015661 0.3639357 0.2938793 0.3311288 0.2556173 0.2917163 0.3897701 0.3025070 0.2432519 0.4023902 0.3525232 0.3019090 
SRR6441723    0.4083174 0.2591132 0.3296349 0.0000000 0.0873523 0.0646589 0.1933382 0.0563252 0.0617349 0.0570565 0.0658164 0.1111231 0.1145305 0.0682028 0.0898512 0.0637387 0.0871752 0.0598817 0.1114571 0.1510556 0.0670223 0.0983573 0.0469068 0.0768486 0.1209055 0.0964491 0.0695023 0.0873779 0.1205611 0.0972440 0.0839821 0.0703691 0.0879577 0.0845228 0.0414292 0.0689061 0.0938827 0.0682775 0.1208844 0.0891866 0.0511821 0.0681143 0.0310334 0.0866374 0.0914976 0.1112803 0.0582241 0.1226820 0.0497455 0.0480907 0.0394506 0.1023223 0.0414292 0.0953836 0.1147163 0.0309831 0.0705059 0.0664233 0.0584108 0.1066122 0.0562386 0.0774079 0.0758149 0.0682775 0.0784823 0.0481864 0.1223561 0.1056901 0.1153060 0.0473667 0.0232702 0.0568507 0.0581566 0.0488087 0.0795119 0.0482440 0.0504954 0.0775548 0.0809384 0.0856179 0.0752916 0.1025223 0.0481148 0.0662113 
ERR4210213    0.6953783 0.3017624 0.3874912 0.0873523 0.0000000 0.0901187 0.2592414 0.1420419 0.0690547 0.1381692 0.0709470 0.1157383 0.2246560 0.0462760 0.2004075 0.1111507 0.1775101 0.1426565 0.2087083 0.0919086 0.0921768 0.0827349 0.0901187 0.0482292 0.0963377 0.1728444 0.1556015 0.1183191 0.1482363 0.1671143 0.1964010 0.1582798 0.1734883 0.1112803 0.1183191 0.1401584 0.1473708 0.1294604 0.2178342 0.0487405 0.1593154 0.0487405 0.0921768 0.2086311 0.1130355 0.1386366 0.1247264 0.1808048 0.1726044 0.1179797 0.0955651 0.1393705 0.1183191 0.0775564 0.1184911 0.1381298 0.0966478 0.1204845 0.1628056 0.0997557 0.0901187 0.1107147 0.1376312 0.1294604 0.1294604 0.1762066 0.0985856 0.1620956 0.2338501 0.1533764 0.1114190 0.0542502 0.0989152 0.1639436 0.1469649 0.1906855 0.2101062 0.1111570 0.1130355 0.2204941 0.1112803 0.1604106 0.0901187 0.1689834 
ERR2789774    0.4429794 0.2790403 0.2647339 0.0646589 0.0901187 0.0000000 0.2192250 0.0646491 0.0871584 0.0738251 0.0378906 0.0990824 0.1276666 0.0668666 0.0943902 0.0394309 0.0578434 0.0845525 0.1158356 0.1536639 0.0843628 0.1086870 0.0549405 0.0470847 0.1214054 0.0863387 0.0800977 0.0902644 0.1232915 0.0550076 0.0986846 0.0888623 0.0564369 0.0218186 0.0654919 0.0867687 0.1199345 0.0687729 0.1098529 0.1077888 0.0886817 0.0856958 0.0468622 0.0671973 0.1046215 0.1308702 0.0567460 0.1257859 0.0866640 0.0645340 0.0555941 0.1143975 0.0654919 0.1151193 0.1340807 0.0646258 0.0869627 0.0565368 0.0957361 0.1267264 0.0296325 0.0667343 0.0736823 0.0687729 0.0959932 0.1121425 0.1504488 0.1196923 0.1280709 0.0739108 0.0490304 0.0393576 0.0396569 0.0962409 0.0687172 0.0838157 0.0876886 0.0668569 0.0936539 0.0946230 0.0462131 0.1160526 0.0563661 0.0563370 
PAFTOL_019361 0.5201034 0.2803740 0.3673417 0.1933382 0.2592414 0.2192250 0.0000000 0.2496575 0.1536058 0.2078197 0.2079742 0.1581830 0.2307828 0.1920725 0.2607551 0.2141932 0.1969175 0.1812183 0.2717158 0.1881462 0.2413927 0.1540709 0.2579844 0.1716384 0.2133077 0.2811119 0.2684747 0.2120723 0.1896806 0.2175660 0.2051180 0.2743891 0.2672358 0.2530533 0.1857321 0.2186466 0.2169284 0.2454098 0.2876309 0.2031442 0.2412129 0.1714472 0.1775324 0.2621388 0.1861235 0.2020263 0.2309574 0.2110933 0.2168886 0.2187122 0.2210475 0.1755959 0.1857321 0.1681741 0.1739137 0.1651413 0.1566765 0.1936190 0.1731029 0.1552214 0.2062250 0.2700312 0.1915700 0.2454098 0.3031864 0.1567263 0.1727386 0.1884001 0.2022135 0.2495997 0.1236778 0.1496926 0.1632397 0.2154783 0.2361884 0.1936165 0.1743949 0.2705684 0.2006057 0.2483574 0.2086779 0.2313260 0.2669150 0.2348260 
S0055         0.4001435 0.2822572 0.3128161 0.0563252 0.1420419 0.0646491 0.2496575 0.0000000 0.0844990 0.0906210 0.0559090 0.0988497 0.1303804 0.1002840 0.0918579 0.0582352 0.0847718 0.0820602 0.1122026 0.1832766 0.0635612 0.0964622 0.0379643 0.0662973 0.1206484 0.0572832 0.0695661 0.1174767 0.1132879 0.0727636 0.1228026 0.0668334 0.0767974 0.0739023 0.0636970 0.1044752 0.1009980 0.0683456 0.0780079 0.0843106 0.0485064 0.0645495 0.0456971 0.0670455 0.1083237 0.0848033 0.0554406 0.1169278 0.0840360 0.0295705 0.0218458 0.0965028 0.0636970 0.0898801 0.1081408 0.0628852 0.0824116 0.0381410 0.0927832 0.1003971 0.0467960 0.0668403 0.0904515 0.0683456 0.0682763 0.0947331 0.1642080 0.1452457 0.1085519 0.0929668 0.0477491 0.0479547 0.0305055 0.0637522 0.0485308 0.0813769 0.0850147 0.0669632 0.0978388 0.0940456 0.0649902 0.1192486 0.0389117 0.0560071 
S0196sl       0.4253960 0.2993852 0.3507537 0.0617349 0.0690547 0.0871584 0.1536058 0.0844990 0.0000000 0.0679852 0.0675925 0.0770066 0.1294095 0.0924457 0.0932625 0.0897470 0.1098439 0.0303056 0.1140136 0.1079999 0.0662559 0.0633365 0.0758258 0.0474032 0.0861921 0.1472306 0.0930087 0.1016432 0.1228073 0.0961649 0.0977022 0.0826344 0.1017066 0.0974786 0.0146815 0.0706253 0.1079326 0.0806417 0.1777637 0.0468208 0.0696699 0.0299032 0.0306740 0.1126928 0.0666995 0.1139031 0.0694540 0.1212097 0.0606411 0.0654193 0.0563640 0.1054681 0.0146815 0.0686484 0.0862052 0.0404322 0.0945032 0.0760822 0.0696597 0.0784622 0.0671882 0.1116030 0.0749658 0.0806417 0.1308936 0.1040187 0.0959654 0.1083344 0.1139758 0.0696884 0.0422990 0.0687176 0.0677011 0.0700223 0.0899765 0.0587169 0.0615164 0.1118298 0.0574180 0.0988553 0.0876546 0.0763582 0.0779504 0.0780286 
S0292         0.4313192 0.2776134 0.3208917 0.0570565 0.1381692 0.0738251 0.2078197 0.0906210 0.0679852 0.0000000 0.0839966 0.1325182 0.1190943 0.0989354 0.0947195 0.0961377 0.0946270 0.0660195 0.1158817 0.1406158 0.0645984 0.1088148 0.0822099 0.0959217 0.1424382 0.1402100 0.0995377 0.0793072 0.1488090 0.0823170 0.0789322 0.0677058 0.1078802 0.0833361 0.0480549 0.0561572 0.0992412 0.0873378 0.1687923 0.0857033 0.0764200 0.0739375 0.0376142 0.1185818 0.0968180 0.1378014 0.0465851 0.1272097 0.0561108 0.0718985 0.0629939 0.1068537 0.0480549 0.1225516 0.1187513 0.0375543 0.1024454 0.0824591 0.0644839 0.1339470 0.0738251 0.0960809 0.0456441 0.0873378 0.1229507 0.0959204 0.1275857 0.0991277 0.1198853 0.0562967 0.0226895 0.0754682 0.0649863 0.0469544 0.0962933 0.0376142 0.0392815 0.0962662 0.0865998 0.1049516 0.0939409 0.1074767 0.0844470 0.0845660 
S0293         0.5057645 0.3023558 0.2969849 0.0658164 0.0709470 0.0378906 0.2079742 0.0559090 0.0675925 0.0839966 0.0000000 0.0590315 0.1165514 0.0578612 0.1055104 0.0225201 0.0982518 0.0752104 0.1150380 0.1185378 0.0390315 0.0752493 0.0300772 0.0147615 0.0999371 0.0868737 0.0703474 0.0942644 0.1125687 0.0643423 0.0998332 0.0594946 0.0308518 0.0298570 0.0566125 0.0969917 0.0861535 0.0594520 0.1105818 0.0488904 0.0593731 0.0482870 0.0385844 0.0580657 0.0941360 0.0983360 0.0482168 0.1018662 0.0770679 0.0386029 0.0303917 0.1036800 0.0566125 0.0931297 0.1121882 0.0558912 0.0657366 0.0478810 0.0860567 0.1041564 0.0070995 0.0579657 0.0838333 0.0594520 0.0826894 0.1142605 0.1158817 0.0983332 0.0940934 0.0649487 0.0492534 0.0309250 0.0398818 0.0865065 0.0594049 0.0745875 0.0780426 0.0580707 0.0833979 0.0850352 0.0221526 0.1053267 0.0308166 0.0476952 
S0294         0.3920796 0.2896568 0.2695737 0.1111231 0.1157383 0.0990824 0.1581830 0.0988497 0.0770066 0.1325182 0.0590315 0.0000000 0.1225955 0.1291508 0.1348177 0.0806916 0.1041154 0.1227370 0.1324189 0.1151865 0.1001622 0.0643673 0.0673348 0.0393875 0.0891304 0.1064294 0.0933290 0.1331369 0.1673494 0.1119019 0.1109661 0.0885622 0.0693178 0.0886105 0.1004015 0.1283316 0.1023772 0.0810753 0.1183527 0.0768298 0.0883816 0.0569983 0.0780137 0.0595407 0.1570397 0.1085879 0.0586179 0.1187400 0.0998715 0.0780570 0.0682300 0.1219296 0.1004015 0.1037701 0.0915142 0.0987945 0.0833697 0.0898784 0.1032220 0.0928049 0.0586789 0.0719814 0.1097521 0.0810753 0.1149807 0.1431114 0.1126541 0.1252208 0.1134015 0.1096570 0.0820059 0.0419549 0.0511567 0.1369168 0.1056738 0.1213651 0.1042693 0.0813085 0.1442099 0.1080318 0.0592334 0.1704724 0.0692228 0.0673714 
S0308         0.3680796 0.3486091 0.3479176 0.1145305 0.2246560 0.1276666 0.2307828 0.1303804 0.1294095 0.1190943 0.1165514 0.1225955 0.0000000 0.1258778 0.1617844 0.1320979 0.1374191 0.1026111 0.1834163 0.0978617 0.1322813 0.1462968 0.1210299 0.1315590 0.1845747 0.1421647 0.1612086 0.0641534 0.1577959 0.1374790 0.0703011 0.1154183 0.1466502 0.1397442 0.1026111 0.1265591 0.0607580 0.1448196 0.1635586 0.1613624 0.1393383 0.1343310 0.0872031 0.1675021 0.1299875 0.1551240 0.0999575 0.0632484 0.0802395 0.1081004 0.0975595 0.1236083 0.1026111 0.1513083 0.1939811 0.0870340 0.0525921 0.1212632 0.1095625 0.1638616 0.1041229 0.1647403 0.1420206 0.1448196 0.1963070 0.0670657 0.0955538 0.0699596 0.0885152 0.1227725 0.0606954 0.0710875 0.0904445 0.1229344 0.1394274 0.1084674 0.1136961 0.1650850 0.1180101 0.1499000 0.1052097 0.1425119 0.1247475 0.1252931 
S0335         0.4064199 0.2832663 0.2639406 0.0682028 0.0462760 0.0668666 0.1920725 0.1002840 0.0924457 0.0989354 0.0578612 0.1291508 0.1258778 0.0000000 0.1364453 0.0686899 0.1056474 0.0691442 0.1547937 0.1268483 0.0892971 0.0902004 0.0771796 0.0686193 0.0959240 0.1256417 0.0769491 0.0707236 0.1213091 0.0887743 0.0943192 0.1073924 0.0794820 0.0764001 0.0691442 0.1052292 0.0834098 0.0660835 0.1542987 0.1146028 0.0941367 0.0907798 0.0492895 0.1146879 0.0707212 0.1058040 0.0921596 0.0871438 0.0709207 0.0793268 0.0694018 0.1118694 0.0691442 0.1126306 0.1436718 0.0681658 0.0626561 0.0600203 0.0894818 0.1249025 0.0484416 0.0961908 0.0987352 0.0660835 0.0911432 0.1092495 0.1492303 0.1165887 0.1118231 0.0869996 0.0501627 0.0509588 0.0719285 0.1021095 0.0897923 0.0886637 0.0929977 0.0963765 0.0808198 0.0883821 0.0672289 0.1021233 0.0793712 0.0794599 
S0376         0.3040597 0.2745052 0.2988610 0.0898512 0.2004075 0.0943902 0.2607551 0.0918579 0.0932625 0.0947195 0.1055104 0.1348177 0.1617844 0.1364453 0.0000000 0.1191951 0.0665869 0.0905765 0.0408710 0.1775944 0.0929628 0.1753613 0.0833079 0.1188051 0.1590914 0.1197002 0.1255642 0.1313605 0.1515526 0.0646725 0.1405406 0.1119419 0.1321396 0.0844717 0.0719890 0.0884258 0.1398753 0.1231649 0.1347523 0.1168103 0.0976524 0.1149708 0.0727636 0.1205149 0.1266804 0.1176793 0.0672909 0.1546351 0.0781382 0.0728010 0.0637514 0.1089415 0.0719890 0.1245932 0.0990666 0.0849013 0.1273315 0.1033385 0.0974508 0.1133051 0.0943902 0.0773181 0.0636776 0.1231649 0.1775879 0.1345383 0.1852233 0.1394487 0.1348223 0.0976832 0.0689933 0.0668898 0.0566587 0.1070297 0.1190488 0.1054547 0.0763424 0.0581387 0.1159620 0.1283933 0.0952908 0.1157436 0.0856138 0.1063330 
S0405         0.5228052 0.3212436 0.3097794 0.0637387 0.1111507 0.0394309 0.2141932 0.0582352 0.0897470 0.0961377 0.0225201 0.0806916 0.1320979 0.0686899 0.1191951 0.0000000 0.0973787 0.0869767 0.1454380 0.1743711 0.0670996 0.1003670 0.0389314 0.0311179 0.1253584 0.0906052 0.0824927 0.1082581 0.1274156 0.0751618 0.1138125 0.0707700 0.0399797 0.0386233 0.0672521 0.1113911 0.1000207 0.0707203 0.1154324 0.0895335 0.0706212 0.0682028 0.0480143 0.0605756 0.1080234 0.1120107 0.0584555 0.1174352 0.0892218 0.0480385 0.0393681 0.1065559 0.0672521 0.1189715 0.1391873 0.0663315 0.0651220 0.0499013 0.0985971 0.1310709 0.0146627 0.0688203 0.0959475 0.0707203 0.0817161 0.1101301 0.1706818 0.1364471 0.1082656 0.0759273 0.0488467 0.0309250 0.0415907 0.0991342 0.0620165 0.0861863 0.0902886 0.0689513 0.0966190 0.0974228 0.0305512 0.1199263 0.0399312 0.0577985 
S0412sl       0.3296080 0.2376835 0.2418777 0.0871752 0.1775101 0.0578434 0.1969175 0.0847718 0.1098439 0.0946270 0.0982518 0.1041154 0.1374191 0.1056474 0.0665869 0.0973787 0.0000000 0.1064517 0.0839836 0.1510621 0.1062103 0.1146880 0.0859039 0.1114608 0.1047163 0.1352425 0.1285973 0.1314467 0.1315484 0.0574366 0.1406864 0.1119182 0.1247192 0.0578736 0.0860270 0.0883081 0.1400150 0.1156332 0.1516553 0.1318461 0.1008079 0.1078617 0.0656687 0.1018840 0.1139793 0.0995450 0.0671275 0.1469285 0.1092176 0.0750320 0.0657027 0.0907338 0.0860270 0.1056659 0.1245659 0.0847782 0.1327830 0.0668453 0.0973655 0.0946060 0.0871447 0.0798173 0.0565562 0.1156332 0.1805399 0.1305925 0.1556411 0.1158636 0.1522370 0.0975981 0.0587381 0.0407498 0.0318055 0.1053444 0.1008667 0.1054030 0.0892406 0.0799740 0.1252747 0.1211326 0.0681215 0.1491177 0.0883483 0.0990062 
S0419         0.3658699 0.3437192 0.2985787 0.0598817 0.1426565 0.0845525 0.1812183 0.0820602 0.0303056 0.0660195 0.0752104 0.1227370 0.1026111 0.0691442 0.0905765 0.0869767 0.1064517 0.0000000 0.1012897 0.1366281 0.0643712 0.0985010 0.0736337 0.0868144 0.1327309 0.1195499 0.0807477 0.0759453 0.1248946 0.0932985 0.0729793 0.0800720 0.0984891 0.0945262 0.0143172 0.0699812 0.0826248 0.0692211 0.1364166 0.0855080 0.0675974 0.0653855 0.0298720 0.1090918 0.0647935 0.0974724 0.0673993 0.0844574 0.0407175 0.0462489 0.0548080 0.1086570 0.0143172 0.1002532 0.0975535 0.0393198 0.0616331 0.0738822 0.0574537 0.1111861 0.0652455 0.1081136 0.0728279 0.0692211 0.0972729 0.0798666 0.1231477 0.0938835 0.0797049 0.0676145 0.0323437 0.0575661 0.0566115 0.0679391 0.0872259 0.0570394 0.0596847 0.1083279 0.0558031 0.0672148 0.0850193 0.0741412 0.0756350 0.0670897 
S0427         0.3078790 0.3270732 0.3202318 0.1114571 0.2087083 0.1158356 0.2717158 0.1122026 0.1140136 0.1158817 0.1150380 0.1324189 0.1834163 0.1547937 0.0408710 0.1454380 0.0839836 0.1012897 0.0000000 0.1849263 0.1234154 0.1893707 0.1027120 0.1447575 0.1919500 0.1613555 0.1227069 0.1496306 0.1842737 0.0813429 0.1277447 0.1162139 0.1296585 0.1043957 0.0891545 0.0718991 0.1588240 0.1202436 0.1633039 0.1524710 0.1012062 0.1393381 0.0902846 0.1175060 0.1526597 0.1327816 0.0620332 0.1762186 0.0853371 0.0903369 0.0799954 0.1335386 0.0891545 0.1521227 0.1256765 0.1046233 0.1447000 0.1257122 0.0919702 0.1390711 0.1158356 0.0867352 0.0798978 0.1202436 0.1505302 0.1522277 0.1932271 0.1426476 0.1527761 0.1201049 0.0736441 0.0752138 0.0602893 0.1305364 0.1447859 0.1282946 0.0951503 0.0744758 0.1403457 0.1160781 0.1170716 0.1400724 0.1058994 0.1027667 
S0430         0.4262507 0.2390179 0.3009002 0.1510556 0.0919086 0.1536639 0.1881462 0.1832766 0.1079999 0.1406158 0.1185378 0.1151865 0.0978617 0.1268483 0.1775944 0.1743711 0.1510621 0.1366281 0.1849263 0.0000000 0.1443110 0.1218913 0.1730527 0.1139176 0.1120462 0.1765979 0.1744859 0.0468473 0.1985391 0.1389464 0.0577906 0.1681164 0.1909622 0.1412554 0.1366281 0.1118820 0.0805991 0.1573325 0.1958837 0.1155138 0.1802634 0.1135550 0.1173429 0.2329896 0.1558492 0.1953665 0.1340022 0.1069799 0.1105012 0.1564601 0.1438054 0.2009970 0.1366281 0.1649493 0.1562672 0.1170906 0.0831458 0.1731761 0.1439945 0.1786960 0.1418781 0.2099724 0.1409169 0.1573325 0.2157289 0.1055199 0.0228711 0.0150956 0.1328664 0.1340046 0.0737857 0.0634006 0.1078584 0.1600084 0.1970968 0.1421989 0.1495697 0.2104141 0.1429817 0.1643959 0.1189690 0.1693309 0.1789231 0.1803895 
S0552sl       0.4354350 0.3131226 0.3027319 0.0670223 0.0921768 0.0843628 0.2413927 0.0635612 0.0662559 0.0645984 0.0390315 0.1001622 0.1322813 0.0892971 0.0929628 0.0670996 0.1062103 0.0643712 0.1234154 0.1443110 0.0000000 0.0855076 0.0553794 0.0670365 0.1324253 0.1192738 0.0898132 0.1057462 0.1384443 0.0930914 0.1018690 0.0479183 0.0777104 0.0747371 0.0467741 0.0854631 0.0899655 0.0779622 0.1462972 0.0146738 0.0490003 0.0474149 0.0298132 0.0877057 0.0975006 0.1063606 0.0560088 0.1051471 0.0658969 0.0461536 0.0378790 0.1193092 0.0467741 0.1126659 0.1095846 0.0462179 0.0819347 0.0556031 0.0745250 0.1239599 0.0472551 0.0871716 0.0726708 0.0779622 0.0932688 0.1077533 0.1307668 0.1012310 0.0886309 0.0547965 0.0482510 0.0574393 0.0476715 0.0748979 0.0674809 0.0638836 0.0667700 0.0873403 0.0872061 0.0955920 0.0656971 0.1082419 0.0568313 0.0755260 
S0624         0.4132188 0.2733898 0.2748134 0.0983573 0.0827349 0.1086870 0.1540709 0.0964622 0.0633365 0.1088148 0.0752493 0.0643673 0.1462968 0.0902004 0.1753613 0.1003670 0.1146880 0.0985010 0.1893707 0.1218913 0.0855076 0.0000000 0.0842682 0.0525100 0.0252545 0.1250010 0.0918441 0.1433588 0.1428815 0.1224692 0.1375338 0.1145684 0.1139615 0.1086870 0.0871235 0.1095877 0.1352535 0.0784321 0.1559457 0.0622872 0.1040005 0.0524692 0.0642354 0.1263300 0.1299989 0.1189836 0.1116479 0.1524522 0.1003807 0.0966719 0.0855594 0.1339422 0.0871235 0.0903389 0.1106987 0.0856953 0.1103315 0.0872748 0.1083436 0.1021314 0.0747508 0.1247652 0.1204078 0.0784321 0.1097601 0.1428901 0.1078810 0.1222579 0.1330579 0.0844502 0.0780430 0.0562861 0.0880708 0.0883991 0.1292860 0.1090495 0.1148022 0.1250436 0.1432724 0.0868406 0.0755293 0.1715111 0.0868790 0.0756813 
S0641         0.4342520 0.3111757 0.3404493 0.0469068 0.0901187 0.0549405 0.2579844 0.0379643 0.0758258 0.0822099 0.0300772 0.0673348 0.1210299 0.0771796 0.0833079 0.0389314 0.0859039 0.0736337 0.1027120 0.1730527 0.0553794 0.0842682 0.0000000 0.0389468 0.1082986 0.0478294 0.0592342 0.1077020 0.0820773 0.0834249 0.1132157 0.0582627 0.0480266 0.0463794 0.0554976 0.0956131 0.0916804 0.0582217 0.0674300 0.0756553 0.0402187 0.0562547 0.0378853 0.0568895 0.0992441 0.0572291 0.0472882 0.1071063 0.0754081 0.0220390 0.0144650 0.0677054 0.0554976 0.0607986 0.0990686 0.0548080 0.0719618 0.0469673 0.0841767 0.0706430 0.0220417 0.0393676 0.0820533 0.0582217 0.0539034 0.0973343 0.1541620 0.1356215 0.0992947 0.0636494 0.0482850 0.0393013 0.0391332 0.0739794 0.0581767 0.0730423 0.0763508 0.0394334 0.0888354 0.0831963 0.0382326 0.1100928 0.0146636 0.0467869 
S0643         0.5458875 0.2817820 0.3241160 0.0768486 0.0482292 0.0470847 0.1716384 0.0662973 0.0474032 0.0959217 0.0147615 0.0393875 0.1315590 0.0686193 0.1188051 0.0311179 0.1114608 0.0868144 0.1447575 0.1139176 0.0670365 0.0525100 0.0389468 0.0000000 0.0765111 0.0993473 0.0823479 0.1079311 0.1082365 0.0750649 0.1134490 0.0706877 0.0399938 0.0386389 0.0671882 0.0998972 0.0997490 0.0706382 0.1247205 0.0473027 0.0705397 0.0301763 0.0480128 0.0689859 0.1077006 0.0947341 0.0584241 0.1170032 0.0890422 0.0480369 0.0393830 0.0996990 0.0671882 0.0694879 0.0873229 0.0662722 0.0783137 0.0579761 0.0983599 0.0794683 0.0146848 0.0687490 0.0957329 0.0706382 0.0996566 0.1288368 0.1114308 0.1238361 0.1079337 0.0758258 0.0596978 0.0317230 0.0496869 0.0988923 0.0705793 0.0860303 0.0901030 0.0688794 0.0963806 0.0971951 0.0305751 0.1195053 0.0399454 0.0577695 
S0645sl       0.5076694 0.3068048 0.3687019 0.1209055 0.0963377 0.1214054 0.2133077 0.1206484 0.0861921 0.1424382 0.0999371 0.0891304 0.1845747 0.0959240 0.1590914 0.1253584 0.1047163 0.1327309 0.1919500 0.1120462 0.1324253 0.0252545 0.1082986 0.0765111 0.0000000 0.1617777 0.0871485 0.1540954 0.1670386 0.1119633 0.1891055 0.1541839 0.1252724 0.1104431 0.1101626 0.1250150 0.1589402 0.0758258 0.1799208 0.1065693 0.1394948 0.0847637 0.0872977 0.1508851 0.1191905 0.1544408 0.1362262 0.1668049 0.1364312 0.1208830 0.1099665 0.1454708 0.1101626 0.1043689 0.1566760 0.1083676 0.1368257 0.0905565 0.1463061 0.1156060 0.0992992 0.1487438 0.1194616 0.0758258 0.1191241 0.1918028 0.1578514 0.1462848 0.1974386 0.0978603 0.0785573 0.0715278 0.1029746 0.1230686 0.1295099 0.1312050 0.1375453 0.1490476 0.1302575 0.0990757 0.0795508 0.1305182 0.1114844 0.0899712 
S0656sl       0.3577720 0.3504932 0.3372053 0.0964491 0.1728444 0.0863387 0.2811119 0.0572832 0.1472306 0.1402100 0.0868737 0.1064294 0.1421647 0.1256417 0.1197002 0.0906052 0.1352425 0.1195499 0.1613555 0.1765979 0.1192738 0.1250010 0.0478294 0.0993473 0.1617777 0.0000000 0.1045665 0.1117787 0.1609553 0.1193869 0.1187855 0.1258471 0.1118780 0.0965335 0.1195499 0.1246185 0.1120976 0.1025868 0.0149142 0.1468925 0.1028617 0.1211423 0.0962041 0.1006948 0.1783317 0.1015561 0.0988489 0.1289820 0.1004905 0.0762623 0.0667069 0.1388414 0.1195499 0.1318333 0.1160444 0.1175665 0.0813316 0.0877101 0.1423867 0.1443131 0.0762829 0.0892592 0.1399503 0.1025868 0.0840596 0.1051552 0.1583763 0.1403646 0.1197498 0.1287101 0.0903835 0.0687376 0.0685008 0.1196860 0.1029235 0.1178003 0.1474935 0.0894357 0.1652281 0.0869697 0.0972224 0.1920777 0.0676564 0.0871453 
S0673         0.4926545 0.3687698 0.3459813 0.0695023 0.1556015 0.0800977 0.2684747 0.0695661 0.0930087 0.0995377 0.0703474 0.0933290 0.1612086 0.0769491 0.1255642 0.0824927 0.1285973 0.0807477 0.1227069 0.1744859 0.0898132 0.0918441 0.0592342 0.0823479 0.0871485 0.1045665 0.0000000 0.1077787 0.1319159 0.0916680 0.1079872 0.0904433 0.0708744 0.0904946 0.0694916 0.1056353 0.1137444 0.0071513 0.0916252 0.1154007 0.0685201 0.0913166 0.0494970 0.0809386 0.0992113 0.1142165 0.0696557 0.0926372 0.0692867 0.0608600 0.0600035 0.1185788 0.0694916 0.1057681 0.1251481 0.0685005 0.0696632 0.0918085 0.0926076 0.1172906 0.0600180 0.0841311 0.0993347 0.0071513 0.0189574 0.1300521 0.1820448 0.1633201 0.1165796 0.0784778 0.0598196 0.0830231 0.0827656 0.0685839 0.1079576 0.0891698 0.0935641 0.0937905 0.0886947 0.0391075 0.0805618 0.1101957 0.0608933 0.0152252 
S0724sl       0.3847732 0.2771214 0.2550820 0.0873779 0.1183191 0.0902644 0.2120723 0.1174767 0.1016432 0.0793072 0.0942644 0.1331369 0.0641534 0.0707236 0.1313605 0.1082581 0.1314467 0.0759453 0.1496306 0.0468473 0.1057462 0.1433588 0.1077020 0.1079311 0.1540954 0.1117787 0.1077787 0.0000000 0.1526807 0.0995416 0.0225290 0.1014737 0.1216618 0.1009542 0.0759453 0.0843955 0.0325946 0.0943928 0.1383459 0.1337479 0.1117195 0.1075404 0.0618809 0.1542834 0.0937595 0.1499594 0.0722393 0.0527433 0.0541356 0.0947335 0.0839534 0.1540978 0.0759453 0.1593506 0.1465655 0.0617607 0.0334818 0.1079697 0.0834310 0.1732703 0.0827433 0.1336918 0.1005056 0.0943928 0.1202885 0.0520405 0.0586225 0.0386943 0.0734493 0.0959362 0.0433110 0.0615717 0.0722914 0.0962532 0.1260197 0.0826658 0.0868668 0.1339852 0.0829255 0.1220441 0.1054695 0.1050766 0.1111554 0.1115598 
S0735         0.6127889 0.3313799 0.4064505 0.1205611 0.1482363 0.1232915 0.1896806 0.1132879 0.1228073 0.1488090 0.1125687 0.1673494 0.1577959 0.1213091 0.1515526 0.1274156 0.1315484 0.1248946 0.1842737 0.1985391 0.1384443 0.1428815 0.0820773 0.1082365 0.1670386 0.1609553 0.1319159 0.1526807 0.0000000 0.1328203 0.1581299 0.1463488 0.1413653 0.1349229 0.1151810 0.1693936 0.1839416 0.1292819 0.1597148 0.1457321 0.1212614 0.1204977 0.0911981 0.1757849 0.1369593 0.0678062 0.1283473 0.1660097 0.1427896 0.0793155 0.0808223 0.0391909 0.1151810 0.0470429 0.1367326 0.0913878 0.1501591 0.1040094 0.1529895 0.0557459 0.1006309 0.1464366 0.1485285 0.1292819 0.1512511 0.1604499 0.1786576 0.1835777 0.1664867 0.1539857 0.1074415 0.1161734 0.1175401 0.1395095 0.1461541 0.1370870 0.1439129 0.1467567 0.1497969 0.1589388 0.1240635 0.1769648 0.1069828 0.1113350 
S0742         0.4286220 0.2721371 0.2558226 0.0972440 0.1671143 0.0550076 0.2175660 0.0727636 0.0961649 0.0823170 0.0643423 0.1119019 0.1374790 0.0887743 0.0646725 0.0751618 0.0574366 0.0932985 0.0813429 0.1389464 0.0930914 0.1224692 0.0834249 0.0750649 0.1119633 0.1193869 0.0916680 0.0995416 0.1328203 0.0000000 0.1079161 0.0979862 0.0858534 0.0464345 0.0740071 0.0758827 0.1164707 0.0796165 0.1343873 0.1169673 0.0977913 0.0945293 0.0549688 0.0987695 0.1141543 0.1178386 0.0561194 0.1219804 0.0956256 0.0729027 0.0638410 0.1017184 0.0740071 0.1247637 0.1208195 0.0730047 0.1100511 0.0836781 0.0846121 0.1134658 0.0550076 0.0774315 0.0463709 0.0796165 0.1277441 0.1347133 0.1603076 0.1072455 0.1280058 0.0847344 0.0575132 0.0394236 0.0392547 0.0847191 0.0978469 0.0924569 0.0767491 0.0775793 0.1031154 0.0856958 0.0554921 0.1256563 0.0857366 0.0661766 
S0748         0.3210803 0.2271970 0.2227453 0.0839821 0.1964010 0.0986846 0.2051180 0.1228026 0.0977022 0.0789322 0.0998332 0.1109661 0.0703011 0.0943192 0.1405406 0.1138125 0.1406864 0.0729793 0.1277447 0.0577906 0.1018690 0.1375338 0.1132157 0.1134490 0.1891055 0.1187855 0.1079872 0.0225290 0.1581299 0.1079161 0.0000000 0.0896518 0.1005056 0.1094755 0.0729793 0.0744633 0.0516057 0.0944300 0.1313936 0.1289098 0.0898320 0.1035687 0.0595242 0.1287279 0.1208870 0.1553778 0.0590078 0.0748611 0.0325695 0.1003011 0.0896742 0.1596480 0.0729793 0.1648925 0.1347466 0.0594126 0.0531379 0.1134693 0.0711237 0.1787964 0.0884291 0.1325223 0.0999296 0.0944300 0.1208161 0.0500402 0.0485727 0.0299904 0.0706225 0.0923159 0.0524186 0.0688827 0.0796258 0.0926367 0.1315639 0.0795842 0.0835235 0.1433663 0.1086895 0.0913429 0.1109116 0.1336800 0.1167766 0.0911557 
S0753         0.4586517 0.3100237 0.3323768 0.0703691 0.1582798 0.0888623 0.2743891 0.0668334 0.0826344 0.0677058 0.0594946 0.0885622 0.1154183 0.1073924 0.1119419 0.0707700 0.1119182 0.0800720 0.1162139 0.1681164 0.0479183 0.1145684 0.0582627 0.0706877 0.1541839 0.1258471 0.0904433 0.1014737 0.1463488 0.0979862 0.0896518 0.0000000 0.0672796 0.0787183 0.0604070 0.0780056 0.0853424 0.0786300 0.1345991 0.0677706 0.0468117 0.0499084 0.0484923 0.0768559 0.1049035 0.1121274 0.0301845 0.1256725 0.0560671 0.0485168 0.0398144 0.1258748 0.0604070 0.1189901 0.1251882 0.0484080 0.0881786 0.0585018 0.0671138 0.1308908 0.0497415 0.0799581 0.0764200 0.0786300 0.0940545 0.1131752 0.1644535 0.1301886 0.1162070 0.0573971 0.0415094 0.0605290 0.0501903 0.0785610 0.0711499 0.0669308 0.0700749 0.0921075 0.0938669 0.1048322 0.0692057 0.1164164 0.0598667 0.0654443 
S0756         0.5032821 0.2817820 0.2971755 0.0879577 0.1734883 0.0564369 0.2672358 0.0767974 0.1017066 0.1078802 0.0308518 0.0693178 0.1466502 0.0794820 0.1321396 0.0399797 0.1247192 0.0984891 0.1296585 0.1909622 0.0777104 0.1139615 0.0480266 0.0399938 0.1252724 0.1118780 0.0708744 0.1216618 0.1413653 0.0858534 0.1005056 0.0672796 0.0000000 0.0476199 0.0778911 0.1143972 0.1134430 0.0599037 0.1246539 0.1014616 0.0671444 0.0789936 0.0576243 0.0585009 0.1213081 0.1250723 0.0485812 0.1322711 0.0776152 0.0576543 0.0485982 0.1320176 0.0778911 0.1328038 0.1429563 0.0767639 0.0910657 0.0578660 0.1012151 0.1454228 0.0225936 0.0706525 0.1076671 0.0599037 0.0834772 0.1434718 0.1869864 0.1506432 0.1218847 0.0867827 0.0703107 0.0498440 0.0596958 0.1113255 0.0705052 0.0975265 0.1022270 0.0797944 0.1094262 0.0856116 0.0392406 0.1198214 0.0492997 0.0480521 
S0763         0.4452146 0.2790403 0.2672313 0.0845228 0.1112803 0.0218186 0.2530533 0.0739023 0.0974786 0.0833361 0.0298570 0.0886105 0.1397442 0.0764001 0.0844717 0.0386233 0.0578736 0.0945262 0.1043957 0.1412554 0.0747371 0.1086870 0.0463794 0.0386389 0.1104431 0.0965335 0.0904946 0.1009542 0.1349229 0.0464345 0.1094755 0.0787183 0.0476199 0.0000000 0.0749039 0.0768320 0.1082572 0.0786663 0.1098529 0.0972531 0.0785576 0.0759272 0.0555663 0.0768897 0.1158826 0.1195935 0.0478501 0.1257859 0.0969231 0.0555941 0.0469080 0.1259809 0.0749039 0.1267264 0.1226493 0.0738722 0.0870161 0.0656760 0.1061106 0.1386540 0.0218900 0.0575154 0.0644913 0.0786663 0.1103678 0.1368736 0.1630882 0.1087779 0.1162988 0.0646920 0.0581730 0.0228853 0.0396569 0.1066757 0.0786013 0.0936556 0.0979900 0.0576187 0.1046215 0.0846819 0.0220704 0.1276264 0.0475619 0.0654662 
S0770         0.3658699 0.2993852 0.2985787 0.0414292 0.1183191 0.0654919 0.1857321 0.0636970 0.0146815 0.0480549 0.0566125 0.1004015 0.1026111 0.0691442 0.0719890 0.0672521 0.0860270 0.0143172 0.0891545 0.1366281 0.0467741 0.0871235 0.0554976 0.0671882 0.1101626 0.1195499 0.0694916 0.0759453 0.1151810 0.0740071 0.0729793 0.0604070 0.0778911 0.0749039 0.0000000 0.0591305 0.0826248 0.0586539 0.1466347 0.0662559 0.0491077 0.0475156 0.0144716 0.0879108 0.0470951 0.1066043 0.0490024 0.0941548 0.0407175 0.0462489 0.0379556 0.0979691 0.0000010 0.0912459 0.1098382 0.0228815 0.0706545 0.0557220 0.0491701 0.1019747 0.0473555 0.0873719 0.0549417 0.0586539 0.0955065 0.0798666 0.1231477 0.0938835 0.0888403 0.0491179 0.0238808 0.0575661 0.0477733 0.0494068 0.0676335 0.0395273 0.0413605 0.0875414 0.0386169 0.0758393 0.0658427 0.0559005 0.0569558 0.0569284 
S0771         0.3466572 0.2725413 0.3038692 0.0689061 0.1401584 0.0867687 0.2186466 0.1044752 0.0706253 0.0561572 0.0969917 0.1283316 0.1265591 0.1052292 0.0884258 0.1113911 0.0883081 0.0699812 0.0718991 0.1118820 0.0854631 0.1095877 0.0956131 0.0998972 0.1250150 0.1246185 0.1056353 0.0843955 0.1693936 0.0758827 0.0744633 0.0780056 0.1143972 0.0768320 0.0591305 0.0000000 0.1055509 0.0925038 0.1282587 0.0982827 0.0781570 0.0767410 0.0474775 0.1258210 0.1121569 0.1462365 0.0489789 0.1356809 0.0508729 0.0842967 0.0747252 0.1471797 0.0591305 0.1280586 0.0926207 0.0473964 0.1091771 0.0958687 0.0462156 0.1400763 0.0867687 0.0897210 0.0562559 0.0925038 0.1266806 0.1018080 0.1232717 0.0827136 0.1274756 0.0576632 0.0310784 0.0598283 0.0564466 0.0769907 0.1113580 0.0474775 0.0686298 0.1113336 0.1010821 0.0605080 0.0876080 0.1237325 0.0983706 0.0893805 
S0888         0.3331397 0.3101845 0.2772398 0.0938827 0.1473708 0.1199345 0.2169284 0.1009980 0.1079326 0.0992412 0.0861535 0.1023772 0.0607580 0.0834098 0.1398753 0.1000207 0.1400150 0.0826248 0.1588240 0.0805991 0.0899655 0.1352535 0.0916804 0.0997490 0.1589402 0.1120976 0.1137444 0.0325946 0.1839416 0.1164707 0.0516057 0.0853424 0.1134430 0.1082572 0.0826248 0.1055509 0.0000000 0.1005416 0.1387383 0.1154016 0.0948583 0.0914637 0.0685579 0.1195702 0.0887173 0.1165641 0.0598658 0.0226256 0.0612021 0.0799326 0.0699461 0.1305117 0.0826248 0.1644131 0.1302971 0.0684277 0.0073876 0.0919526 0.0783199 0.1622868 0.0746312 0.1182499 0.1087681 0.1005416 0.1124214 0.0494034 0.0972514 0.0710858 0.0391130 0.1021430 0.0503760 0.0519204 0.0614853 0.1024248 0.1080151 0.0889624 0.0814063 0.1185032 0.0785164 0.1278179 0.0974271 0.0993604 0.0944621 0.1175730 
S0894         0.4782815 0.3869126 0.3165100 0.0682775 0.1294604 0.0687729 0.2454098 0.0683456 0.0806417 0.0873378 0.0594520 0.0810753 0.1448196 0.0660835 0.1231649 0.0707203 0.1156332 0.0692211 0.1202436 0.1573325 0.0779622 0.0784321 0.0582217 0.0706382 0.0758258 0.1025868 0.0071513 0.0943928 0.1292819 0.0796165 0.0944300 0.0786300 0.0599037 0.0786663 0.0586539 0.0925038 0.1005416 0.0000000 0.0899554 0.1019074 0.0673269 0.0792573 0.0398374 0.0694983 0.0871126 0.1120639 0.0589144 0.0804056 0.0585351 0.0597916 0.0589626 0.1162575 0.0586539 0.1037565 0.1227715 0.0578708 0.0588751 0.0797739 0.0803726 0.1150364 0.0497050 0.0825716 0.0871612 0.0000010 0.0091984 0.1274613 0.1843312 0.1464480 0.1029029 0.0673440 0.0495175 0.0712364 0.0709902 0.0692882 0.0946300 0.0774593 0.0812019 0.0920491 0.0771032 0.0302901 0.0691580 0.0975564 0.0598237 0.0073778 
S0899         0.3626203 0.3359211 0.3249479 0.1208844 0.2178342 0.1098529 0.2876309 0.0780079 0.1777637 0.1687923 0.1105818 0.1183527 0.1635586 0.1542987 0.1347523 0.1154324 0.1516553 0.1364166 0.1633039 0.1958837 0.1462972 0.1559457 0.0674300 0.1247205 0.1799208 0.0149142 0.0916252 0.1383459 0.1597148 0.1343873 0.1313936 0.1345991 0.1246539 0.1098529 0.1466347 0.1282587 0.1387383 0.0899554 0.0000000 0.1773682 0.1113398 0.1485537 0.1205738 0.1129882 0.2123556 0.0795863 0.1108606 0.1281876 0.1127554 0.0895668 0.0883525 0.1452173 0.1466347 0.1272409 0.1116715 0.1439567 0.0810187 0.1116984 0.1589997 0.1393760 0.0988237 0.1024519 0.1560115 0.0899554 0.0687804 0.1300147 0.1896981 0.1564184 0.1190930 0.1440463 0.1141445 0.0806064 0.0900074 0.1468151 0.1293917 0.1442519 0.1777575 0.1137603 0.1979303 0.0661761 0.1106755 0.2275360 0.0896183 0.0758092 
S0956         0.5044561 0.3131226 0.3546740 0.0891866 0.0487405 0.1077888 0.2031442 0.0843106 0.0468208 0.0857033 0.0488904 0.0768298 0.1613624 0.1146028 0.1168103 0.0895335 0.1318461 0.0855080 0.1524710 0.1155138 0.0146738 0.0622872 0.0756553 0.0473027 0.1065693 0.1468925 0.1154007 0.1337479 0.1457321 0.1169673 0.1289098 0.0677706 0.1014616 0.0972531 0.0662559 0.0982827 0.1154016 0.1019074 0.1773682 0.0000000 0.0695081 0.0298442 0.0474149 0.1124226 0.1227972 0.1136510 0.0765587 0.1332716 0.0876606 0.0652761 0.0562423 0.1265647 0.0662559 0.0883014 0.0860106 0.0653697 0.1073502 0.0759112 0.0968043 0.0986460 0.0670365 0.1113411 0.0942660 0.1019074 0.1274113 0.1339701 0.1034420 0.1158391 0.1137001 0.0747493 0.0684073 0.0685598 0.0675479 0.0973185 0.0897647 0.0847537 0.0886976 0.1115679 0.1115296 0.1204921 0.0874513 0.1345725 0.0777705 0.0984257 
S0959         0.3193991 0.2688329 0.2936352 0.0511821 0.1593154 0.0886817 0.2412129 0.0485064 0.0696699 0.0764200 0.0593731 0.0883816 0.1393383 0.0941367 0.0976524 0.0706212 0.1008079 0.0675974 0.1012062 0.1802634 0.0490003 0.1040005 0.0402187 0.0705397 0.1394948 0.1028617 0.0685201 0.1117195 0.1212614 0.0977913 0.0898320 0.0468117 0.0671444 0.0785576 0.0491077 0.0781570 0.0948583 0.0673269 0.1113398 0.0695081 0.0000000 0.0498082 0.0312718 0.0562584 0.0931345 0.0902891 0.0467983 0.1111170 0.0561654 0.0312869 0.0231027 0.1029171 0.0491077 0.0959629 0.0811522 0.0484923 0.0865214 0.0583849 0.0672387 0.1072375 0.0496416 0.0600165 0.0762688 0.0673269 0.0799577 0.0822329 0.1492458 0.1304703 0.0934028 0.0783835 0.0507257 0.0604040 0.0500890 0.0679234 0.0502714 0.0670540 0.0702099 0.0712590 0.0824624 0.0844741 0.0690638 0.1042621 0.0412831 0.0653161 
S0960         0.4631688 0.2813651 0.3236769 0.0681143 0.0487405 0.0856958 0.1714472 0.0645495 0.0299032 0.0739375 0.0482870 0.0569983 0.1343310 0.0907798 0.1149708 0.0682028 0.1078617 0.0653855 0.1393381 0.1135550 0.0474149 0.0524692 0.0562547 0.0301763 0.0847637 0.1211423 0.0913166 0.1075404 0.1204977 0.0945293 0.1035687 0.0499084 0.0789936 0.0759272 0.0475156 0.0767410 0.0914637 0.0792573 0.1485537 0.0298442 0.0498082 0.0000000 0.0302788 0.0891407 0.0990603 0.0919648 0.0569028 0.1069414 0.0669568 0.0468749 0.0384715 0.1036437 0.0475156 0.0675629 0.0658859 0.0469411 0.0833494 0.0564831 0.0757025 0.0771783 0.0480128 0.0885740 0.0556831 0.0792573 0.1120235 0.1094519 0.1017659 0.1138752 0.0900947 0.0757648 0.0490361 0.0491303 0.0484389 0.0760865 0.0685838 0.0648811 0.0678489 0.0887476 0.0886168 0.0971092 0.0667536 0.1099519 0.0577510 0.0767429 
S0964         0.3745527 0.2616002 0.2545975 0.0310334 0.0921768 0.0468622 0.1775324 0.0456971 0.0306740 0.0376142 0.0385844 0.0780137 0.0872031 0.0492895 0.0727636 0.0480143 0.0656687 0.0298720 0.0902846 0.1173429 0.0298132 0.0642354 0.0378853 0.0480128 0.0872977 0.0962041 0.0494970 0.0618809 0.0911981 0.0549688 0.0595242 0.0484923 0.0576243 0.0555663 0.0144716 0.0474775 0.0685579 0.0398374 0.1205738 0.0474149 0.0312718 0.0302788 0.0000000 0.0668854 0.0573780 0.0845976 0.0382990 0.0713721 0.0305273 0.0295116 0.0218037 0.0762874 0.0144716 0.0695551 0.0872981 0.0143301 0.0605906 0.0380615 0.0384349 0.0794892 0.0301446 0.0666827 0.0375453 0.0398374 0.0667625 0.0664426 0.1050879 0.0788507 0.0675363 0.0383680 0.0149184 0.0392631 0.0304427 0.0386057 0.0484220 0.0296966 0.0310146 0.0668051 0.0483755 0.0561864 0.0471034 0.0667421 0.0388285 0.0387626 
S1052sl       0.3523387 0.3291064 0.2858089 0.0866374 0.2086311 0.0671973 0.2621388 0.0670455 0.1126928 0.1185818 0.0580657 0.0595407 0.1675021 0.1146879 0.1205149 0.0605756 0.1018840 0.1090918 0.1175060 0.2329896 0.0877057 0.1263300 0.0568895 0.0689859 0.1508851 0.1006948 0.0809386 0.1542834 0.1757849 0.0987695 0.1287279 0.0768559 0.0585009 0.0768897 0.0879108 0.1258210 0.1195702 0.0694983 0.1129882 0.1124226 0.0562584 0.0891407 0.0668854 0.0000000 0.1306784 0.1132851 0.0485106 0.1384310 0.0875329 0.0669210 0.0575967 0.1274394 0.0879108 0.1451411 0.1304602 0.0865893 0.0875203 0.0480917 0.0903723 0.1326340 0.0485374 0.0607397 0.0969707 0.0694983 0.0832871 0.1386286 0.2282621 0.1858954 0.1316843 0.0854905 0.0701938 0.0503969 0.0323148 0.1224057 0.0504002 0.1079678 0.0912856 0.0696887 0.1186846 0.0955394 0.0675667 0.1432157 0.0584243 0.0569199 
S1083         0.4594410 0.3713087 0.3680502 0.0914976 0.1130355 0.1046215 0.1861235 0.1083237 0.0666995 0.0968180 0.0941360 0.1570397 0.1299875 0.0707212 0.1266804 0.1080234 0.1139793 0.0647935 0.1526597 0.1558492 0.0975006 0.1299989 0.0992441 0.1077006 0.1191905 0.1783317 0.0992113 0.0937595 0.1369593 0.1141543 0.1208870 0.1049035 0.1213081 0.1158826 0.0470951 0.1121569 0.0887173 0.0871126 0.2123556 0.1227972 0.0931345 0.0990603 0.0573780 0.1306784 0.0000000 0.1374261 0.0901709 0.1032499 0.0898946 0.0875035 0.0776134 0.1046628 0.0470951 0.1212558 0.1769156 0.0668488 0.0783796 0.0790160 0.0993028 0.1333324 0.0826840 0.1391571 0.1067635 0.0871126 0.1372576 0.0916968 0.1822831 0.1451088 0.1278856 0.0995597 0.0584166 0.0921728 0.0907245 0.0998453 0.1059028 0.0868215 0.0909682 0.1394461 0.0070630 0.1351082 0.1052621 0.0218809 0.1021837 0.1024665 
S1100         0.4512784 0.2893820 0.3790888 0.1112803 0.1386366 0.1308702 0.2020263 0.0848033 0.1139031 0.1378014 0.0983360 0.1085879 0.1551240 0.1058040 0.1176793 0.1120107 0.0995450 0.0974724 0.1327816 0.1953665 0.1063606 0.1189836 0.0572291 0.0947341 0.1544408 0.1015561 0.1142165 0.1499594 0.0678062 0.1178386 0.1553778 0.1121274 0.1250723 0.1195935 0.1066043 0.1462365 0.1165641 0.1120639 0.0795863 0.1136510 0.0902891 0.0919648 0.0845976 0.1132851 0.1374261 0.0000000 0.0869400 0.1062503 0.1093988 0.0572567 0.0564901 0.0401695 0.1066043 0.0560450 0.0816424 0.1049316 0.0841590 0.0763291 0.1065693 0.0472961 0.0871462 0.0904991 0.1156312 0.1120639 0.1109640 0.1351000 0.1757424 0.1805428 0.1016108 0.1422050 0.0887841 0.0690635 0.0584133 0.1290168 0.1119683 0.1269554 0.1105096 0.0906817 0.1494490 0.1175010 0.1092094 0.1749137 0.0782171 0.0961070 
