120
CRNC          0.0000000 0.2656216 0.3569408 0.5573074 0.5953486 0.5867927 0.4449707 0.5909150 0.4813480 0.5972208 0.5866403 0.5535779 0.5558326 0.5578860 0.5481079 0.5548963 0.5407670 0.5100836 0.4812850 0.5426166 0.5018004 0.5468079 0.5631840 0.5645838 0.5416561 0.5728000 0.5713149 0.5647386 0.4957782 0.4937862 0.5252872 0.4974177 0.5060173 0.5133507 0.5646435 0.5381363 0.5219718 0.5208056 0.5320048 0.5366203 0.5354350 0.5159699 0.4995390 0.5432933 0.5371120 0.4880082 0.5284148 0.5017103 0.5689739 0.5184317 0.4892662 0.5317854 0.5270514 0.4964137 0.5511333 0.4896239 0.5069065 0.5243936 0.5133464 0.5379495 0.4769200 0.5184844 0.5270059 0.5037293 0.5838429 0.5253537 0.5211560 0.5253157 0.5420622 0.4733513 0.4965832 0.4952436 0.5030169 0.5327619 0.5079044 0.5189178 0.5196063 0.4588771 0.4853093 0.4692611 0.5435852 0.6114556 0.5244413 0.5319600 0.5419220 0.5577575 0.4654574 0.5337053 0.5496433 0.5355347 0.5337755 0.5302559 0.5247987 0.5235544 0.5504098 0.5673911 0.4622514 0.5201837 0.5050547 0.5559002 0.4882384 0.5751986 0.5429285 0.5513535 0.5386942 0.5033734 0.5546779 0.5501487 0.5041430 0.5685847 0.5523280 0.5282557 0.5618107 0.4970429 0.5439711 0.4872520 0.5297804 0.5337896 0.4681567 0.5347804 
HYZL          0.2656216 0.0000000 0.1412252 0.4655055 0.7133061 0.5204532 0.3759404 0.5206852 0.4132384 0.5020184 0.5043260 0.4721343 0.4696527 0.4836606 0.4812183 0.4745567 0.4652715 0.4804347 0.4825424 0.4860945 0.5112913 0.4929805 0.4997592 0.4756245 0.4669880 0.5103659 0.4910467 0.5158781 0.4357993 0.4277468 0.4578569 0.4453243 0.4751996 0.4616390 0.5093216 0.4929359 0.4845017 0.4563298 0.4745262 0.4629757 0.4843055 0.4960326 0.4355156 0.4688868 0.4631821 0.4263594 0.4960331 0.4320527 0.4744480 0.4859515 0.4583172 0.4513307 0.5200247 0.4338332 0.4768971 0.4279399 0.4426299 0.5142892 0.4448598 0.5057864 0.4597227 0.4508801 0.4696080 0.4506015 0.4899929 0.4627129 0.4562974 0.4867713 0.4967320 0.5475526 0.4786886 0.4353743 0.4654817 0.4722314 0.4598772 0.5288981 0.4909700 0.4042327 0.4205514 0.4136293 0.4809763 0.5309360 0.4538674 0.4828905 0.4602991 0.4792297 0.4353854 0.4670848 0.4763786 0.4794057 0.4837461 0.4542539 0.4604306 0.4921612 0.5077527 0.5005357 0.4316217 0.4880138 0.4743387 0.4750655 0.4613451 0.4917215 0.4808664 0.4657228 0.4575951 0.4841090 0.4645999 0.4718187 0.4646267 0.4969712 0.4759776 0.4807835 0.4884511 0.4351712 0.4829044 0.4669960 0.4575949 0.4529096 0.4441746 0.4769837 
MYZV          0.3569408 0.1412252 0.0000000 0.4872536 0.5732506 0.5110436 0.4477292 0.5417229 0.4437553 0.5048132 0.5330057 0.4987839 0.4550802 0.4958711 0.4637765 0.4896001 0.4932722 0.4878394 0.4829783 0.5039984 0.5138464 0.4609840 0.5138314 0.5158282 0.4961751 0.5539325 0.4963082 0.5525206 0.4801286 0.4615414 0.5014384 0.4528261 0.4915466 0.4700252 0.5068623 0.5016205 0.4871704 0.5012228 0.5262986 0.4919898 0.4846578 0.5062737 0.4658751 0.4833296 0.4965951 0.4720553 0.5053186 0.4848106 0.5196443 0.5005782 0.4345783 0.4839674 0.4823295 0.4717592 0.5083625 0.4497484 0.4736977 0.4687303 0.4905331 0.5153033 0.4739955 0.4662291 0.5027849 0.4402367 0.5387516 0.4652708 0.4466267 0.5126161 0.4990905 0.5727557 0.5472244 0.4775350 0.4856056 0.4570989 0.4940775 0.5006540 0.4855328 0.4434537 0.4498680 0.4533354 0.4982544 0.5633619 0.4726763 0.4634314 0.4874888 0.4682830 0.4690040 0.5012931 0.5259773 0.5165050 0.5007417 0.4787325 0.4784746 0.4874352 0.5209023 0.5133524 0.4456021 0.5088725 0.4906153 0.5094401 0.4541664 0.5330545 0.4920357 0.4991816 0.4943523 0.4921692 0.4976414 0.4947810 0.4845282 0.5150790 0.4875850 0.5006137 0.5197497 0.4656180 0.5043914 0.5336969 0.5037797 0.4815899 0.4932593 0.4832802 
SRR6441723    0.5573074 0.4655055 0.4872536 0.0000000 0.0518958 0.1063936 0.2848700 0.0980742 0.0743741 0.1128966 0.1114775 0.1037236 0.1109896 0.0568982 0.1083545 0.1105513 0.1262946 0.0881595 0.0966358 0.0956859 0.0953460 0.1014672 0.0314861 0.0290169 0.0924919 0.1052304 0.0942999 0.1141649 0.0805787 0.0655179 0.0759560 0.0736767 0.0971039 0.0814542 0.0850332 0.1107086 0.1013401 0.0990997 0.1002160 0.0887588 0.1057511 0.0934702 0.0823178 0.0812035 0.0960553 0.0781626 0.0878741 0.2097381 0.1045917 0.0882809 0.1123531 0.0870870 0.0976005 0.0703790 0.1030804 0.0677406 0.0692506 0.1061847 0.0759631 0.0831052 0.0902888 0.0742831 0.0765940 0.0752300 0.0876429 0.0762871 0.0810072 0.0863399 0.0849611 0.0942042 0.1038644 0.1962660 0.0859596 0.0990570 0.0920345 0.1013756 0.0890495 0.1990150 0.0635434 0.1883287 0.0852121 0.1166816 0.0381373 0.0934910 0.1040224 0.0769949 0.1991301 0.0984935 0.1011113 0.0707809 0.1074676 0.0792193 0.0759851 0.0920430 0.0855195 0.1305958 0.0843047 0.0990454 0.0915865 0.0911102 0.0882281 0.0408582 0.0587127 0.0998420 0.0886170 0.0776633 0.0801131 0.0866716 0.0768351 0.0653741 0.0637471 0.1289625 0.0938674 0.0710235 0.0891475 0.1009843 0.0834816 0.0965662 0.1139919 0.0898888 
ERR4210213    0.5953486 0.7133061 0.5732506 0.0518958 0.0000000 0.1722927 0.2919836 0.1118681 0.0928604 0.1579916 0.1088668 0.1628058 0.1445365 0.0417394 0.1877535 0.1043495 0.1533376 0.1141330 0.0845824 0.0957258 0.1193575 0.1270960 0.0305920 0.0436902 0.1490104 0.1567599 0.1201231 0.1510328 0.0949587 0.0933376 0.1092199 0.1052842 0.1246444 0.1245794 0.1300505 0.1151762 0.1247617 0.1398383 0.1269254 0.1476997 0.1604339 0.1227805 0.0893622 0.1150624 0.1556290 0.1058299 0.1194608 0.3838400 0.1430431 0.1192045 0.1347411 0.1407928 0.1499847 0.1065118 0.1578808 0.0938454 0.1082177 0.0990095 0.0979180 0.1201011 0.1078348 0.0834939 0.1272641 0.0934232 0.1272549 0.0824848 0.1465153 0.1337666 0.1287674 0.3388381 0.1222781 0.3330887 0.1200962 0.1080440 0.1192780 0.1237341 0.1224135 0.3439686 0.0922154 0.3362004 0.0878104 0.1202448 0.0408498 0.1074574 0.1190422 0.0428144 0.3584537 0.1557413 0.1484627 0.0856821 0.1385647 0.0893622 0.0778517 0.1105335 0.1303699 0.1687430 0.1056480 0.1317452 0.1246444 0.1337184 0.1043260 0.0464615 0.0473895 0.1630656 0.1405038 0.0926899 0.0648197 0.1073316 0.1105373 0.0531370 0.0643506 0.1622436 0.1266542 0.1006554 0.1026821 0.0994396 0.0976662 0.1647774 0.1129593 0.1188831 
ERR2789774    0.5867927 0.5204532 0.5110436 0.1063936 0.1722927 0.0000000 0.3059821 0.0668960 0.0946789 0.1402767 0.1206316 0.0464027 0.1203273 0.1053139 0.0452452 0.0846310 0.1407965 0.1196984 0.1288606 0.1234574 0.1249665 0.1266749 0.1114177 0.1111790 0.0365779 0.0500318 0.1254879 0.0845169 0.1183414 0.0902240 0.0852130 0.0938922 0.1303821 0.1130532 0.1333599 0.0949211 0.1204373 0.1286856 0.0602315 0.0351644 0.1371730 0.1143904 0.1168539 0.0664110 0.0415899 0.0968924 0.1237092 0.2249902 0.0811422 0.1195902 0.1458463 0.0290075 0.1375379 0.0935202 0.0415999 0.0928482 0.0944220 0.1502921 0.0981690 0.1150135 0.1115914 0.0983496 0.1094630 0.0978154 0.1251988 0.0981882 0.1223353 0.1277880 0.1279324 0.1284701 0.1360388 0.2343338 0.1121103 0.1103126 0.1275728 0.1436926 0.1292434 0.2341735 0.0903507 0.2252915 0.1009828 0.1713456 0.1233065 0.1066414 0.0788237 0.1197388 0.2345069 0.0415657 0.0615813 0.1107074 0.1220811 0.1018065 0.0986484 0.1329300 0.1161413 0.1502799 0.1000033 0.1344333 0.1259491 0.0367703 0.0977527 0.1167891 0.1019264 0.0429596 0.0365903 0.0591122 0.1236165 0.0535356 0.1039627 0.1108848 0.1111008 0.1450378 0.0585071 0.0940250 0.1178900 0.1408034 0.1062836 0.0399686 0.1373827 0.0551691 
PAFTOL_019361 0.4449707 0.3759404 0.4477292 0.2848700 0.2919836 0.3059821 0.0000000 0.3189863 0.2920175 0.3240815 0.3142723 0.3040184 0.3013372 0.2856910 0.2796473 0.2907790 0.3525244 0.3166718 0.2977189 0.3343128 0.3109895 0.3114380 0.3006931 0.3070568 0.2857907 0.3020903 0.3070165 0.3274888 0.2901446 0.2884382 0.2769566 0.2753062 0.3261444 0.2899634 0.3486186 0.3094291 0.3037505 0.3125206 0.2872655 0.2831399 0.3485582 0.3184480 0.2740911 0.2976333 0.2862948 0.3036896 0.3189720 0.3291277 0.2877793 0.3152164 0.3161956 0.2714240 0.3399866 0.2850709 0.2911971 0.2887141 0.2912520 0.3399439 0.3065196 0.3165059 0.2634224 0.2645424 0.2985331 0.2879963 0.3031027 0.2769380 0.3262916 0.3240851 0.3504556 0.4595334 0.3475060 0.3179765 0.3039977 0.3066150 0.3008978 0.3253744 0.3153939 0.3286121 0.2889560 0.3125599 0.2652018 0.3453272 0.2926511 0.2977236 0.3239959 0.3129571 0.3257060 0.2882696 0.2988493 0.3022541 0.3182454 0.2726436 0.2694780 0.3243915 0.3179220 0.3580939 0.2668316 0.3251675 0.3214744 0.2817171 0.2665978 0.3171057 0.2876135 0.2795705 0.2681865 0.2836334 0.3052037 0.2979848 0.2788674 0.2964511 0.2965461 0.3407303 0.2984209 0.2948803 0.2953797 0.3501493 0.2715727 0.2883682 0.3463284 0.2831947 
S0055         0.5909150 0.5206852 0.5417229 0.0980742 0.1118681 0.0668960 0.3189863 0.0000000 0.0897204 0.1310972 0.1226143 0.0633614 0.1238889 0.0852878 0.0697545 0.0819205 0.1445140 0.0977561 0.1082598 0.1271741 0.1077396 0.1227078 0.0976046 0.0975338 0.0532339 0.0625323 0.1209387 0.0799934 0.1137387 0.0835327 0.0829019 0.0956324 0.1093716 0.1045657 0.1298832 0.0890845 0.1103832 0.1257601 0.0706901 0.0515398 0.1354297 0.1142157 0.0971334 0.0559313 0.0564991 0.0908112 0.0993134 0.2500232 0.0776011 0.1000711 0.1407021 0.0499737 0.1366607 0.0887290 0.0657537 0.0860763 0.0858550 0.1403124 0.0920926 0.1101440 0.1083977 0.0851239 0.1014818 0.0975950 0.1025042 0.0884308 0.1090142 0.1268813 0.1229786 0.1300638 0.1275493 0.2414235 0.1066746 0.1071269 0.1110109 0.1340657 0.1190740 0.2349893 0.0836494 0.2380073 0.0834680 0.1552622 0.1124422 0.1012263 0.0759788 0.1036435 0.2435422 0.0584910 0.0654979 0.1009034 0.1265289 0.0902629 0.0831237 0.1096390 0.1073475 0.1519888 0.0826827 0.1132380 0.1052031 0.0567674 0.0900127 0.1070925 0.0855784 0.0598919 0.0514663 0.0313849 0.1050047 0.0490161 0.0933573 0.0966590 0.0928082 0.1583526 0.0616864 0.0895935 0.1150949 0.1322455 0.1003988 0.0567830 0.1329310 0.0534782 
S0196sl       0.4813480 0.4132384 0.4437553 0.0743741 0.0928604 0.0946789 0.2920175 0.0897204 0.0000000 0.1019167 0.0824232 0.0904586 0.0836814 0.0618436 0.0823266 0.0971241 0.1075643 0.1029582 0.1060155 0.0969911 0.1050551 0.0874728 0.0802017 0.0816029 0.0814894 0.0900009 0.0877231 0.0853603 0.0748297 0.0111228 0.0765266 0.0692350 0.1063109 0.0748784 0.1151307 0.0936973 0.1127630 0.0888523 0.0858232 0.0744784 0.1052709 0.0830915 0.0854738 0.0668849 0.0854067 0.0384930 0.1026193 0.2020993 0.0854901 0.1031129 0.1211208 0.0694235 0.1189900 0.0153583 0.0879736 0.0126317 0.0140351 0.1255881 0.0429188 0.0856959 0.0957610 0.0754125 0.0772617 0.0687757 0.0768057 0.0850846 0.0894441 0.1104571 0.1089939 0.1124664 0.0658017 0.1957908 0.0848684 0.1014598 0.0919078 0.1262998 0.1147834 0.1927847 0.0111360 0.1819109 0.0709351 0.1326371 0.0924016 0.0993732 0.0942642 0.0743291 0.1999179 0.0872497 0.0967354 0.0599730 0.0931638 0.0804312 0.0774159 0.1069838 0.0775539 0.1155924 0.0868818 0.1083308 0.1005823 0.0782648 0.0864944 0.0877535 0.0587034 0.0886095 0.0777617 0.0676963 0.0725402 0.0720929 0.0673146 0.0668041 0.0634372 0.1220665 0.0896032 0.0154828 0.0834232 0.0655080 0.0828052 0.0830895 0.0731039 0.0770650 
S0278         0.5972208 0.5020184 0.5048132 0.1128966 0.1579916 0.1402767 0.3240815 0.1310972 0.1019167 0.0000000 0.1404497 0.1337510 0.0637787 0.0995586 0.1150414 0.1307137 0.0608679 0.1320698 0.1440778 0.0461323 0.1297260 0.0578415 0.1218616 0.1324500 0.1262012 0.1407735 0.0624453 0.1273696 0.0745236 0.1002948 0.1237429 0.0642165 0.1340471 0.0612261 0.1408738 0.1401658 0.1412432 0.0644276 0.1161024 0.1220196 0.0593098 0.0931617 0.0913151 0.1065553 0.1301293 0.1075836 0.1316356 0.2352762 0.1306728 0.1282978 0.1583156 0.1163535 0.1537503 0.1019357 0.1343879 0.1030362 0.1046024 0.1663351 0.1144486 0.0849326 0.1274025 0.0833212 0.0776773 0.1269108 0.0515215 0.1205710 0.1283519 0.1387513 0.1382971 0.1650651 0.1343892 0.2298065 0.1306172 0.1478446 0.1308429 0.1592292 0.1346443 0.2207034 0.1004359 0.2062202 0.0956857 0.1721010 0.1312453 0.1413341 0.1272104 0.1124076 0.2255917 0.1330654 0.1416012 0.1169381 0.0606099 0.0881663 0.0870158 0.1405287 0.0893334 0.0595328 0.1198213 0.1320801 0.1278477 0.1227005 0.1290591 0.1313355 0.0939050 0.1323781 0.1200478 0.1080664 0.1153067 0.1126448 0.0729819 0.1030303 0.1048969 0.0786054 0.1335453 0.1066184 0.0624609 0.1365422 0.0959581 0.1259891 0.1354693 0.1276058 
S0281         0.5866403 0.5043260 0.5330057 0.1114775 0.1088668 0.1206316 0.3142723 0.1226143 0.0824232 0.1404497 0.0000000 0.1218489 0.1198728 0.1043368 0.1203631 0.1323604 0.1645172 0.1352911 0.1328243 0.1312310 0.1416927 0.1350045 0.1245260 0.1274716 0.1098535 0.1237032 0.1186357 0.1325269 0.1243525 0.0746796 0.1085054 0.1015657 0.1407902 0.1253382 0.1344190 0.1268510 0.1382811 0.1341135 0.1190364 0.1058616 0.1513670 0.1336146 0.1316819 0.1015719 0.1125773 0.0556113 0.1368662 0.2464390 0.1200201 0.1355302 0.1608521 0.1003037 0.1549869 0.0797866 0.1173561 0.0753090 0.0764738 0.1438319 0.0583579 0.1278376 0.1238008 0.1224592 0.1175148 0.1268650 0.1212983 0.1061224 0.1235971 0.1247485 0.1297084 0.1436679 0.0752230 0.2516921 0.1431980 0.1277559 0.1109110 0.1374964 0.1300840 0.2464266 0.0747827 0.2423259 0.1204532 0.1510722 0.1353517 0.1255675 0.1159678 0.1208427 0.2514123 0.1120373 0.1303228 0.1071590 0.1370017 0.1301242 0.1269060 0.1304311 0.1229183 0.1546544 0.1154344 0.1430252 0.1344783 0.1026939 0.1137839 0.1298961 0.1067849 0.1133876 0.1036508 0.0965370 0.1100150 0.0953216 0.1121768 0.1118556 0.1099664 0.1752942 0.1246287 0.0805527 0.1229924 0.0720950 0.1245972 0.1115532 0.0900050 0.1088433 
S0282         0.5535779 0.4721343 0.4987839 0.1037236 0.1628058 0.0464027 0.3040184 0.0633614 0.0904586 0.1337510 0.1218489 0.0000000 0.1191974 0.0953038 0.0310555 0.0771656 0.1379962 0.1165186 0.1215882 0.1209565 0.1277902 0.1197820 0.1085747 0.1128996 0.0125657 0.0336080 0.1222355 0.0803710 0.1115333 0.0880422 0.0796417 0.0920493 0.1224436 0.1005604 0.1254805 0.0906489 0.1256256 0.1213772 0.0525051 0.0197472 0.1357442 0.1066802 0.1088119 0.0669146 0.0184052 0.0944987 0.1200413 0.2451290 0.0810877 0.1186959 0.1352626 0.0212188 0.1292512 0.0931368 0.0258921 0.0905762 0.0921120 0.1409939 0.0957508 0.1131356 0.1172918 0.0925640 0.1018729 0.1009613 0.1095146 0.0937618 0.1109906 0.1205799 0.1189723 0.1470800 0.1166426 0.2376300 0.1088996 0.1042718 0.1239111 0.1357013 0.1176255 0.2363886 0.0881619 0.2345810 0.0868226 0.1591684 0.1200578 0.1004182 0.0741440 0.1068884 0.2459247 0.0183930 0.0570255 0.1041311 0.1171788 0.0959266 0.0947005 0.1289258 0.1103710 0.1444844 0.0995039 0.1284205 0.1222000 0.0242511 0.0990264 0.1125110 0.0956338 0.0197706 0.0226439 0.0529621 0.1164822 0.0494865 0.0963824 0.1042902 0.1061507 0.1463476 0.0489396 0.0940247 0.1080657 0.1211593 0.1046844 0.0169344 0.1260056 0.0506832 
S0289         0.5558326 0.4696527 0.4550802 0.1109896 0.1445365 0.1203273 0.3013372 0.1238889 0.0836814 0.0637787 0.1198728 0.1191974 0.0000000 0.0995945 0.1050978 0.1232707 0.0655017 0.1369258 0.1302424 0.0522158 0.1393146 0.0449153 0.1183490 0.1271538 0.1117643 0.1278804 0.0420507 0.1198043 0.0708986 0.0819729 0.1193265 0.0566507 0.1400205 0.0622572 0.1274221 0.1297096 0.1415438 0.0486497 0.1111789 0.1096498 0.0625396 0.0792752 0.0907399 0.1083198 0.1137500 0.0980492 0.1385174 0.2216671 0.1158825 0.1351070 0.1504366 0.1038928 0.1289540 0.0836043 0.1216164 0.0845004 0.0860788 0.1411387 0.1052713 0.0749078 0.1275477 0.0844951 0.0711470 0.1081520 0.0601947 0.1128527 0.1173631 0.1263520 0.1270031 0.1747255 0.1283105 0.2169844 0.1285345 0.1400576 0.1246444 0.1382638 0.1185200 0.2177824 0.0820874 0.2032591 0.0847050 0.1534176 0.1225544 0.1335518 0.1266568 0.1120366 0.2120517 0.1204195 0.1389347 0.1049876 0.0419274 0.0876141 0.0826326 0.1366502 0.0773801 0.0713326 0.1200558 0.1422725 0.1336619 0.1102526 0.1089955 0.1337621 0.0962295 0.1217807 0.1092748 0.1019118 0.1158454 0.1038021 0.0577034 0.1050986 0.1011723 0.0722320 0.1308480 0.0880140 0.0500319 0.1279603 0.0879945 0.1154797 0.1267689 0.1162337 
S0292         0.5578860 0.4836606 0.4958711 0.0568982 0.0417394 0.1053139 0.2856910 0.0852878 0.0618436 0.0995586 0.1043368 0.0953038 0.0995945 0.0000000 0.0950297 0.1053281 0.1150327 0.0951329 0.1038484 0.0946967 0.1049221 0.0904925 0.0591412 0.0636486 0.0842360 0.0929438 0.0834498 0.1038973 0.0683413 0.0564683 0.0746401 0.0701746 0.1043628 0.0776419 0.0934164 0.1008042 0.1010727 0.0972953 0.0944328 0.0786791 0.1105845 0.0880722 0.0827269 0.0693471 0.0861403 0.0739997 0.0948201 0.2132342 0.0975429 0.0952702 0.1111357 0.0789032 0.1091766 0.0613045 0.0945802 0.0586005 0.0601203 0.1073039 0.0718178 0.0811423 0.0935919 0.0728928 0.0782973 0.0747017 0.0774932 0.0772874 0.0863563 0.0935183 0.0914278 0.1275764 0.0988874 0.2019834 0.0928117 0.0947587 0.0932974 0.1117199 0.1012084 0.1974650 0.0565431 0.1891097 0.0648386 0.1244348 0.0623667 0.0928252 0.0988927 0.0323279 0.2022691 0.0901146 0.1034377 0.0547137 0.0981374 0.0778427 0.0728688 0.1066179 0.0764876 0.1211722 0.0799114 0.1063728 0.0986598 0.0828355 0.0801994 0.0628786 0.0083117 0.0914850 0.0804352 0.0658754 0.0334833 0.0764438 0.0784717 0.0139617 0.0153916 0.1263209 0.0961254 0.0618645 0.0804022 0.0959982 0.0856660 0.0863237 0.1122564 0.0834008 
S0293         0.5481079 0.4812183 0.4637765 0.1083545 0.1877535 0.0452452 0.2796473 0.0697545 0.0823266 0.1150414 0.1203631 0.0310555 0.1050978 0.0950297 0.0000000 0.0789597 0.1174856 0.1142572 0.1239351 0.0990220 0.1324871 0.1174916 0.1122252 0.1232960 0.0195771 0.0389881 0.1181320 0.0791695 0.1096133 0.0794104 0.0775214 0.0812299 0.1287903 0.0965576 0.1215379 0.0864363 0.1313969 0.1095870 0.0512157 0.0270829 0.1189187 0.1040333 0.0966405 0.0793058 0.0253786 0.0895311 0.1242628 0.2492235 0.0844360 0.1196984 0.1441153 0.0215056 0.1295548 0.0858128 0.0291987 0.0773546 0.0844584 0.1370180 0.0981224 0.1093986 0.1161608 0.0830363 0.0970834 0.1011274 0.1039437 0.0973653 0.1075681 0.1208927 0.1158590 0.6347846 0.1293463 0.2278736 0.1169448 0.0981501 0.1317627 0.1197425 0.1175806 0.2346760 0.0795474 0.2220449 0.0855205 0.1504220 0.1200604 0.1006161 0.0796852 0.1057605 0.2457787 0.0253575 0.0556281 0.0992330 0.1070513 0.0848800 0.0854738 0.1352247 0.1078801 0.1265769 0.1005403 0.1370994 0.1262092 0.0290681 0.1020243 0.1232989 0.0951901 0.0233761 0.0270297 0.0623810 0.1172783 0.0540827 0.0882696 0.1065432 0.1065706 0.1295268 0.0453470 0.0840171 0.1011933 0.1356024 0.0879586 0.0234678 0.1230098 0.0492333 
S0294         0.5548963 0.4745567 0.4896001 0.1105513 0.1043495 0.0846310 0.2907790 0.0819205 0.0971241 0.1307137 0.1323604 0.0771656 0.1232707 0.1053281 0.0789597 0.0000000 0.1416688 0.1172088 0.1202995 0.1193381 0.1199126 0.1311373 0.1197130 0.1203333 0.0720879 0.0801886 0.1279563 0.0909467 0.1074030 0.0982536 0.0868591 0.0960999 0.1231424 0.1086493 0.1304071 0.0910971 0.1118690 0.1262094 0.0852753 0.0685316 0.1383584 0.1223258 0.1030693 0.0846649 0.0686781 0.1031564 0.1148647 0.2417344 0.0955398 0.1174012 0.1401114 0.0669069 0.1281813 0.1036039 0.0803552 0.0991046 0.1026018 0.1345045 0.1101648 0.1252431 0.1099916 0.0888232 0.1118508 0.1115723 0.1140897 0.1033879 0.1184859 0.1322175 0.1217455 0.1116936 0.1320527 0.2384186 0.1178777 0.1188398 0.1139324 0.1324584 0.1203434 0.2254912 0.0983936 0.2222126 0.0928143 0.1602150 0.1299866 0.1127692 0.0818620 0.1158597 0.2318200 0.0777370 0.0747300 0.1072347 0.1198272 0.0900909 0.0906571 0.1254054 0.1266200 0.1602287 0.0998842 0.1211996 0.1170374 0.0722815 0.0993954 0.1301082 0.0994977 0.0791258 0.0684279 0.0708947 0.1214820 0.0625662 0.0998815 0.1108979 0.1069756 0.1491059 0.0694585 0.1046388 0.1122179 0.1367608 0.0910704 0.0719746 0.1338676 0.0567370 
S0299         0.5407670 0.4652715 0.4932722 0.1262946 0.1533376 0.1407965 0.3525244 0.1445140 0.1075643 0.0608679 0.1645172 0.1379962 0.0655017 0.1150327 0.1174856 0.1416688 0.0000000 0.1543432 0.1562520 0.0527326 0.1476315 0.0746472 0.1316848 0.1384434 0.1303811 0.1453263 0.0695402 0.1319447 0.0865038 0.1077905 0.1440708 0.0708904 0.1451673 0.0807593 0.1392068 0.1511251 0.1614550 0.0538882 0.1280063 0.1262787 0.0684483 0.0940778 0.1099108 0.1203359 0.1343470 0.1214895 0.1538366 0.2262451 0.1413556 0.1479338 0.1636753 0.1244435 0.1592089 0.1111351 0.1387147 0.1106403 0.1122120 0.1688842 0.1246406 0.0895585 0.1578567 0.1036588 0.0787550 0.1307216 0.0685331 0.1421555 0.1287703 0.1413193 0.1366380 0.1757483 0.1521376 0.2203838 0.1356570 0.1684199 0.1476959 0.1617239 0.1392423 0.2215351 0.1079435 0.2071240 0.1168467 0.1820085 0.1399502 0.1615686 0.1304085 0.1266109 0.2243753 0.1373421 0.1432320 0.1153393 0.0662777 0.1088473 0.1036169 0.1588474 0.0959114 0.0719904 0.1350844 0.1517521 0.1430221 0.1309454 0.1398411 0.1365581 0.1091533 0.1346562 0.1260494 0.1211040 0.1294947 0.1246836 0.0812936 0.1206264 0.1130081 0.0724308 0.1328152 0.1142768 0.0707318 0.1543403 0.1111752 0.1301609 0.1426123 0.1318425 
S0303         0.5100836 0.4804347 0.4878394 0.0881595 0.1141330 0.1196984 0.3166718 0.0977561 0.1029582 0.1320698 0.1352911 0.1165186 0.1369258 0.0951329 0.1142572 0.1172088 0.1543432 0.0000000 0.0698490 0.1257992 0.0178191 0.1248548 0.0981572 0.1019782 0.1063816 0.1182872 0.1226803 0.1211233 0.1175657 0.0929970 0.0985917 0.1058874 0.0272338 0.1013155 0.1146988 0.1112798 0.0824804 0.1309393 0.1089257 0.1006694 0.1415955 0.1277030 0.1018101 0.0797205 0.1046287 0.0988693 0.0096936 0.2398955 0.1117378 0.0097545 0.1233483 0.0989174 0.1214104 0.0983004 0.1140685 0.0938210 0.0972699 0.1210692 0.1039320 0.1180882 0.0650095 0.0894938 0.1101468 0.0999357 0.1161499 0.0467058 0.1127077 0.1196971 0.1145085 0.1311035 0.1213552 0.2291016 0.0930041 0.0700056 0.0708185 0.1245100 0.1160952 0.2227643 0.0931287 0.2115871 0.0951462 0.1620579 0.1034076 0.0648967 0.1078744 0.1221162 0.2259171 0.1110338 0.1041252 0.1091092 0.1405272 0.0965567 0.0892771 0.0272622 0.1233998 0.1591339 0.0562375 0.0287604 0.0227796 0.1032242 0.0564605 0.1064982 0.0932928 0.1123972 0.0968188 0.0890361 0.1186618 0.0958346 0.1102593 0.0986143 0.1003845 0.1662821 0.1019836 0.0992751 0.1174327 0.1234156 0.1071651 0.1044526 0.1335761 0.1000639 
S0308         0.4812850 0.4825424 0.4829783 0.0966358 0.0845824 0.1288606 0.2977189 0.1082598 0.1060155 0.1440778 0.1328243 0.1215882 0.1302424 0.1038484 0.1239351 0.1202995 0.1562520 0.0698490 0.0000000 0.1444906 0.0796869 0.1321647 0.0975805 0.1033364 0.1113122 0.1251887 0.1269332 0.1285192 0.1168642 0.0960184 0.1054971 0.1148857 0.0766301 0.1140651 0.1299199 0.1163473 0.0796884 0.1322845 0.1205402 0.1073175 0.1473566 0.1328032 0.1123854 0.0960095 0.1113164 0.0978283 0.0678873 0.2573749 0.1254088 0.0699340 0.1345447 0.1055584 0.1276454 0.1013239 0.1188054 0.0987319 0.1003143 0.1335038 0.1051158 0.1270725 0.0689648 0.1018566 0.1275904 0.1091356 0.1200418 0.0624190 0.1256269 0.1269612 0.1258147 0.1580341 0.1145983 0.2288115 0.1061204 0.0725336 0.0775450 0.1318987 0.1292613 0.2391805 0.0961544 0.2303790 0.1067653 0.1812205 0.1085199 0.0673519 0.1131397 0.1293901 0.2408124 0.1178098 0.1165424 0.1180589 0.1330216 0.1092655 0.1018171 0.0701353 0.1284707 0.1650660 0.0641914 0.0784512 0.0714280 0.1057298 0.0626448 0.1138516 0.1042196 0.1191498 0.1071334 0.0942104 0.1269110 0.1043525 0.1117114 0.1111046 0.1092564 0.1726871 0.1126221 0.1023281 0.1227010 0.1115871 0.1102379 0.1111289 0.1266671 0.1047983 
S0320         0.5426166 0.4860945 0.5039984 0.0956859 0.0957258 0.1234574 0.3343128 0.1271741 0.0969911 0.0461323 0.1312310 0.1209565 0.0522158 0.0946967 0.0990220 0.1193381 0.0527326 0.1257992 0.1444906 0.0000000 0.1300342 0.0545492 0.1083182 0.1168667 0.1151433 0.1278750 0.0529433 0.1069525 0.0704563 0.0933109 0.1188662 0.0530650 0.1344364 0.0617345 0.1214829 0.1303721 0.1357005 0.0512678 0.1062382 0.1091358 0.0490637 0.0789255 0.0841556 0.1012483 0.1172674 0.1043396 0.1255829 0.2113459 0.1228712 0.1241645 0.1485797 0.1072867 0.1300416 0.0931437 0.1234137 0.0940920 0.0976857 0.1438989 0.1098395 0.0709238 0.1275209 0.0759183 0.0556449 0.1135313 0.0538967 0.1167958 0.1106315 0.1218218 0.1229654 0.1816997 0.1035625 0.2085810 0.1204906 0.1463835 0.1264986 0.1258340 0.1096966 0.2010442 0.0912530 0.1924264 0.0830629 0.1475907 0.1164735 0.1398605 0.1183561 0.1065714 0.2018052 0.1201460 0.1370201 0.1038188 0.0492946 0.0791059 0.0777006 0.1392638 0.0712890 0.0656401 0.1148208 0.1367331 0.1279531 0.1090757 0.1229801 0.1214576 0.0907861 0.1215459 0.1089387 0.0958400 0.1130079 0.1016769 0.0683155 0.1002867 0.0965076 0.0542445 0.1287347 0.0977531 0.0528045 0.1086325 0.0869316 0.1130965 0.1293924 0.1174657 
S0322         0.5018004 0.5112913 0.5138464 0.0953460 0.1193575 0.1249665 0.3109895 0.1077396 0.1050551 0.1297260 0.1416927 0.1277902 0.1393146 0.1049221 0.1324871 0.1199126 0.1476315 0.0178191 0.0796869 0.1300342 0.0000000 0.1305109 0.1037819 0.1103965 0.1149322 0.1250736 0.1260154 0.1293014 0.1226768 0.0945123 0.1004775 0.1082070 0.0352179 0.1074477 0.1263066 0.1182998 0.0856162 0.1347939 0.1179053 0.1086683 0.1462129 0.1303405 0.1080625 0.0842052 0.1149371 0.1027248 0.0161953 0.2597286 0.1181651 0.0194101 0.1315920 0.1087813 0.1249867 0.0983325 0.1200958 0.0953965 0.0990368 0.1288573 0.1080848 0.1207410 0.0723716 0.0947695 0.1162932 0.1079665 0.1221248 0.0544682 0.1219393 0.1318554 0.1174856 0.1306536 0.1264442 0.2450662 0.1001143 0.0778327 0.0768704 0.1357182 0.1212033 0.2379524 0.0946537 0.2257357 0.1053895 0.1729328 0.1098390 0.0722280 0.1163185 0.1296564 0.2439970 0.1219091 0.1145252 0.1136484 0.1450392 0.1021087 0.0945251 0.0351555 0.1285345 0.1565099 0.0629050 0.0368753 0.0304054 0.1090312 0.0649299 0.1129663 0.1009805 0.1233232 0.1104543 0.0984644 0.1237492 0.1055245 0.1119971 0.1066721 0.1083888 0.1705242 0.1121969 0.1011603 0.1225417 0.1289696 0.1111896 0.1147309 0.1354970 0.1080629 
S0327         0.5468079 0.4929805 0.4609840 0.1014672 0.1270960 0.1266749 0.3114380 0.1227078 0.0874728 0.0578415 0.1350045 0.1197820 0.0449153 0.0904925 0.1174916 0.1311373 0.0746472 0.1248548 0.1321647 0.0545492 0.1305109 0.0000000 0.1081836 0.1184105 0.1124197 0.1264650 0.0494787 0.1249734 0.0608695 0.0857803 0.1158733 0.0459300 0.1325181 0.0381851 0.1220621 0.1204185 0.1359192 0.0558638 0.1178865 0.1122689 0.0577723 0.0704924 0.0695863 0.0909677 0.1201979 0.0927091 0.1244404 0.2221501 0.1199096 0.1210984 0.1479415 0.1067083 0.1399112 0.0873915 0.1242173 0.0883168 0.0898715 0.1467903 0.1034236 0.0647731 0.1178192 0.0635664 0.0600244 0.1063696 0.0536489 0.1135334 0.1163683 0.1186853 0.1236873 0.1557768 0.1207981 0.1959928 0.1237556 0.1340777 0.1170017 0.1373912 0.1198142 0.2095889 0.0858988 0.1955276 0.0864861 0.1552882 0.1102221 0.1277372 0.1118139 0.0961732 0.2091394 0.1189935 0.1269296 0.1074035 0.0559287 0.0683877 0.0652231 0.1332264 0.0687427 0.0771436 0.1104146 0.1347126 0.1263174 0.1128820 0.1114100 0.1209596 0.0872127 0.1243468 0.1120721 0.0967918 0.1020665 0.0996769 0.0571157 0.0939147 0.0957451 0.0776196 0.1191309 0.0917963 0.0508759 0.1202219 0.0774930 0.1161546 0.1305538 0.1047469 
S0335         0.5631840 0.4997592 0.5138314 0.0314861 0.0305920 0.1114177 0.3006931 0.0976046 0.0802017 0.1218616 0.1245260 0.1085747 0.1183490 0.0591412 0.1122252 0.1197130 0.1316848 0.0981572 0.0975805 0.1083182 0.1037819 0.1081836 0.0000000 0.0354959 0.0970983 0.1120456 0.1046520 0.1197447 0.0886296 0.0711175 0.0856366 0.0831732 0.1073827 0.0949304 0.0987748 0.1155668 0.1116352 0.1048774 0.1051834 0.0913626 0.1202932 0.0993353 0.0849445 0.0836852 0.0989100 0.0859775 0.0978372 0.2255552 0.1114652 0.0983000 0.1170770 0.0915820 0.1172249 0.0760719 0.1079691 0.0734328 0.0749608 0.1213733 0.0836757 0.0948691 0.1003993 0.0749417 0.0899666 0.0744890 0.0987640 0.0876559 0.0948213 0.1019319 0.0986832 0.1116713 0.1149773 0.1996247 0.0960413 0.1022177 0.1004805 0.1199448 0.1054048 0.2140535 0.0690737 0.1982668 0.0907051 0.1338149 0.0448189 0.1001473 0.1049988 0.0850985 0.2094387 0.1032501 0.1077967 0.0766718 0.1086831 0.0799272 0.0749169 0.1020946 0.0900332 0.1361733 0.0864015 0.1093938 0.1016793 0.0957100 0.0928245 0.0397205 0.0609925 0.1046043 0.0931309 0.0744381 0.0882130 0.0912225 0.0865850 0.0677649 0.0694567 0.1306845 0.1003807 0.0767811 0.0937612 0.1119567 0.0878373 0.0993023 0.1229197 0.0946048 
S0345         0.5645838 0.4756245 0.5158282 0.0290169 0.0436902 0.1111790 0.3070568 0.0975338 0.0816029 0.1324500 0.1274716 0.1128996 0.1271538 0.0636486 0.1232960 0.1203333 0.1384434 0.1019782 0.1033364 0.1168667 0.1103965 0.1184105 0.0354959 0.0000000 0.1010792 0.1146104 0.1108806 0.1226711 0.0959595 0.0779330 0.0872378 0.0922727 0.1075291 0.1045952 0.0906843 0.1178576 0.1136928 0.1158022 0.1072594 0.0969854 0.1246500 0.1080207 0.0975261 0.0891840 0.1048155 0.0914675 0.1016404 0.2310531 0.1140437 0.1021319 0.1234009 0.0954048 0.1091934 0.0830533 0.1103729 0.0803886 0.0819538 0.1175709 0.0890626 0.1045300 0.1005241 0.0834386 0.0935025 0.0867383 0.1034118 0.0875522 0.0885611 0.0999089 0.0928200 0.0956836 0.1180377 0.2147605 0.0935742 0.1115626 0.0985680 0.1144354 0.1016624 0.2138768 0.0757815 0.1972332 0.0980886 0.1344854 0.0487341 0.1056657 0.1073561 0.0923034 0.2233316 0.1074334 0.1084896 0.0744679 0.1248879 0.0926003 0.0873893 0.1041890 0.0972889 0.1455062 0.0942617 0.1135118 0.1055872 0.0996701 0.0964483 0.0290002 0.0621452 0.1069221 0.0969869 0.0784132 0.0863517 0.0877272 0.0922446 0.0705563 0.0708495 0.1438180 0.1026414 0.0803070 0.1070369 0.1149160 0.0972471 0.1033617 0.1207951 0.0909325 
S0400         0.5416561 0.4669880 0.4961751 0.0924919 0.1490104 0.0365779 0.2857907 0.0532339 0.0814894 0.1262012 0.1098535 0.0125657 0.1117643 0.0842360 0.0195771 0.0720879 0.1303811 0.1063816 0.1113122 0.1151433 0.1149322 0.1124197 0.0970983 0.1010792 0.0000000 0.0242913 0.1148151 0.0745161 0.1043007 0.0773765 0.0691693 0.0851295 0.1103724 0.0934521 0.1112985 0.0815794 0.1135385 0.1140185 0.0427478 0.0110678 0.1280709 0.0968052 0.0973149 0.0583329 0.0082954 0.0835359 0.1080770 0.2269291 0.0700391 0.1067142 0.1266692 0.0110517 0.1162963 0.0823544 0.0154465 0.0797584 0.0812809 0.1278665 0.0848065 0.1012948 0.1070670 0.0834053 0.0921608 0.0898366 0.0986421 0.0826999 0.0991713 0.1084157 0.1068240 0.1162496 0.1114890 0.2221039 0.1013719 0.0982527 0.1139362 0.1209718 0.1054518 0.2188639 0.0774805 0.2138001 0.0801661 0.1457848 0.1080803 0.0927918 0.0655363 0.0973941 0.2246153 0.0082893 0.0505206 0.0928572 0.1097797 0.0886841 0.0854674 0.1166389 0.0985041 0.1388548 0.0880759 0.1180938 0.1101572 0.0139289 0.0878445 0.1027843 0.0845189 0.0096539 0.0124388 0.0445564 0.1047574 0.0414347 0.0869146 0.0929913 0.0948009 0.1385241 0.0425875 0.0809497 0.1034262 0.1159637 0.0931525 0.0068905 0.1180843 0.0410990 
S0405         0.5728000 0.5103659 0.5539325 0.1052304 0.1567599 0.0500318 0.3020903 0.0625323 0.0900009 0.1407735 0.1237032 0.0336080 0.1278804 0.0929438 0.0389881 0.0801886 0.1453263 0.1182872 0.1251887 0.1278750 0.1250736 0.1264650 0.1120456 0.1146104 0.0242913 0.0000000 0.1249058 0.0798353 0.1156582 0.0856746 0.0843226 0.0937885 0.1203767 0.1044034 0.1271807 0.0919357 0.1213151 0.1278510 0.0565274 0.0184345 0.1348241 0.1120704 0.1082433 0.0678380 0.0274100 0.0936559 0.1174374 0.2452135 0.0764279 0.1205069 0.1398499 0.0213209 0.1304733 0.0891731 0.0351866 0.0880720 0.0897614 0.1455124 0.0935112 0.1127150 0.1086685 0.0938451 0.1008901 0.1027152 0.1074712 0.0951178 0.1104179 0.1221886 0.1205594 0.1379890 0.1346063 0.2346598 0.1088455 0.1134052 0.1218972 0.1331274 0.1232314 0.2312544 0.0857928 0.2287086 0.0882857 0.1561981 0.1218861 0.1094107 0.0751610 0.1058262 0.2422436 0.0273923 0.0595048 0.1018469 0.1184968 0.0993179 0.0960201 0.1309208 0.1099129 0.1542849 0.0952578 0.1284018 0.1201346 0.0243703 0.1004659 0.1181290 0.0932679 0.0287775 0.0198325 0.0536665 0.1142758 0.0468753 0.1015835 0.1020028 0.1001830 0.1559399 0.0530020 0.0893887 0.1092621 0.1393172 0.1038968 0.0258814 0.1380375 0.0513484 
S0407sl       0.5713149 0.4910467 0.4963082 0.0942999 0.1201231 0.1254879 0.3070165 0.1209387 0.0877231 0.0624453 0.1186357 0.1222355 0.0420507 0.0834498 0.1181320 0.1279563 0.0695402 0.1226803 0.1269332 0.0529433 0.1260154 0.0494787 0.1046520 0.1108806 0.1148151 0.1249058 0.0000000 0.1281674 0.0612072 0.0860249 0.1103795 0.0479072 0.1303044 0.0482607 0.1209250 0.1247329 0.1302190 0.0446670 0.1142733 0.1107381 0.0579445 0.0711206 0.0792465 0.0939626 0.1130983 0.0969287 0.1222733 0.2336058 0.1144875 0.1189396 0.1472113 0.1089477 0.1347827 0.0876412 0.1226613 0.0885720 0.0901313 0.1316464 0.1000433 0.0634420 0.1181960 0.0731045 0.0615173 0.1087822 0.0558690 0.1100420 0.1151867 0.1188833 0.1225603 0.1872648 0.1076451 0.2247764 0.1182053 0.1262409 0.1154308 0.1345281 0.1151502 0.2293506 0.0861440 0.2173201 0.0826698 0.1525538 0.1125958 0.1241809 0.1196290 0.0949806 0.2261618 0.1214613 0.1241880 0.1002091 0.0495335 0.0780670 0.0730796 0.1269961 0.0709511 0.0701467 0.1107579 0.1324851 0.1241412 0.1113436 0.0996507 0.1133585 0.0835533 0.1228110 0.1105441 0.0976148 0.0869714 0.0996535 0.0538391 0.0904970 0.0887263 0.0888357 0.1163617 0.0920632 0.0228450 0.1071377 0.0783853 0.1146234 0.1166481 0.1102873 
S0412sl       0.5647386 0.5158781 0.5525206 0.1141649 0.1510328 0.0845169 0.3274888 0.0799934 0.0853603 0.1273696 0.1325269 0.0803710 0.1198043 0.1038973 0.0791695 0.0909467 0.1319447 0.1211233 0.1285192 0.1069525 0.1293014 0.1249734 0.1197447 0.1226711 0.0745161 0.0798353 0.1281674 0.0000000 0.1050156 0.0850823 0.0824648 0.1065527 0.1191055 0.1095644 0.1479256 0.0793334 0.1333132 0.1189473 0.0776092 0.0651612 0.1476921 0.1178262 0.1209344 0.0678340 0.0763402 0.0924443 0.1250213 0.2318820 0.0493143 0.1210542 0.1497059 0.0615924 0.1396426 0.0887717 0.0794881 0.0878545 0.0895592 0.1642744 0.0938930 0.1063116 0.1204110 0.1074051 0.1070794 0.0973029 0.1080168 0.1040101 0.1286708 0.1423364 0.1423477 0.1255988 0.1394006 0.2254082 0.1081568 0.1246049 0.1175591 0.1404782 0.1285889 0.2179575 0.0852110 0.2172206 0.0820935 0.1697931 0.1305875 0.1243205 0.0806166 0.1169277 0.2303538 0.0765376 0.0868209 0.0941140 0.1238142 0.1108409 0.1073561 0.1218098 0.1051715 0.1537004 0.0899586 0.1207399 0.1145010 0.0691579 0.1017238 0.1271470 0.0998726 0.0802376 0.0650561 0.0656921 0.1148259 0.0601020 0.0990636 0.1078979 0.1018723 0.1540703 0.0811018 0.0916687 0.1155276 0.1442162 0.1112602 0.0746356 0.1428154 0.0655321 
S0417         0.4957782 0.4357993 0.4801286 0.0805787 0.0949587 0.1183414 0.2901446 0.1137387 0.0748297 0.0745236 0.1243525 0.1115333 0.0708986 0.0683413 0.1096133 0.1074030 0.0865038 0.1175657 0.1168642 0.0704563 0.1226768 0.0608695 0.0886296 0.0959595 0.1043007 0.1156582 0.0612072 0.1050156 0.0000000 0.0715930 0.0939521 0.0458606 0.1250507 0.0462240 0.1082499 0.1165805 0.1173242 0.0572523 0.0959476 0.1003575 0.0754608 0.0724938 0.0750768 0.0894573 0.1080432 0.0764213 0.1171781 0.2221461 0.1101727 0.1116578 0.1341984 0.0949446 0.1168061 0.0731718 0.1117636 0.0739298 0.0754681 0.1297071 0.0865995 0.0716657 0.1044063 0.0742153 0.0680723 0.0923489 0.0534925 0.0969453 0.1056879 0.1028160 0.1102007 0.1348333 0.1026659 0.2049398 0.1097305 0.1220346 0.1135906 0.1174883 0.1068429 0.2093365 0.0716898 0.1957625 0.0723902 0.1325242 0.0959984 0.1159511 0.1152557 0.0760530 0.2058898 0.1106884 0.1188642 0.0850303 0.0594808 0.0756443 0.0724661 0.1258446 0.0705481 0.0842974 0.0950100 0.1231310 0.1190137 0.1008908 0.0966879 0.1001532 0.0649982 0.1120490 0.1001878 0.0889957 0.0826725 0.0989633 0.0621299 0.0750671 0.0733773 0.0923086 0.1111887 0.0755541 0.0572453 0.1021835 0.0690152 0.1019192 0.1098336 0.1012415 
S0419         0.4937862 0.4277468 0.4615414 0.0655179 0.0933376 0.0902240 0.2884382 0.0835327 0.0111228 0.1002948 0.0746796 0.0880422 0.0819729 0.0564683 0.0794104 0.0982536 0.1077905 0.0929970 0.0960184 0.0933109 0.0945123 0.0857803 0.0711175 0.0779330 0.0773765 0.0856746 0.0860249 0.0850823 0.0715930 0.0000000 0.0709070 0.0676216 0.0983687 0.0732348 0.1047689 0.0893042 0.1026514 0.0871619 0.0852601 0.0704901 0.1034933 0.0793882 0.0778457 0.0647577 0.0812066 0.0335232 0.0926922 0.2008450 0.0812020 0.0931290 0.1192495 0.0655197 0.1129440 0.0040919 0.0836942 0.0041312 0.0055074 0.1236946 0.0378828 0.0821438 0.0859653 0.0679981 0.0737698 0.0671418 0.0749926 0.0757340 0.0891213 0.1002905 0.0988316 0.1200249 0.0679977 0.1945383 0.0831145 0.0916564 0.0840167 0.1204534 0.1090561 0.1915270 0.0027313 0.1806186 0.0639869 0.1254908 0.0828383 0.0896469 0.0899131 0.0720721 0.1952532 0.0830137 0.0958643 0.0561961 0.0914454 0.0729091 0.0699306 0.0968911 0.0740466 0.1137645 0.0772991 0.1003394 0.0927704 0.0741938 0.0771437 0.0805717 0.0533714 0.0843684 0.0737258 0.0654853 0.0669186 0.0680950 0.0672730 0.0613396 0.0580373 0.1183073 0.0888040 0.0069044 0.0794481 0.0676937 0.0751661 0.0789559 0.0729581 0.0729881 
S0427         0.5252872 0.4578569 0.5014384 0.0759560 0.1092199 0.0852130 0.2769566 0.0829019 0.0765266 0.1237429 0.1085054 0.0796417 0.1193265 0.0746401 0.0775214 0.0868591 0.1440708 0.0985917 0.1054971 0.1188662 0.1004775 0.1158733 0.0856366 0.0872378 0.0691693 0.0843226 0.1103795 0.0824648 0.0939521 0.0709070 0.0000000 0.0905278 0.1078635 0.0912559 0.1139377 0.0896060 0.1057140 0.1158478 0.0771891 0.0690800 0.1274841 0.1002345 0.0900417 0.0649224 0.0708407 0.0768795 0.1001063 0.2162571 0.0776313 0.0987353 0.1160810 0.0674786 0.1212577 0.0758468 0.0787957 0.0732136 0.0747374 0.1258229 0.0816858 0.0936005 0.0951728 0.0800124 0.0937880 0.0910157 0.1020519 0.0858749 0.1036907 0.1112480 0.1113609 0.1123120 0.0962875 0.2068238 0.0910774 0.0932207 0.0897374 0.1136971 0.1047929 0.2064366 0.0710020 0.1906672 0.0872147 0.1435021 0.0851072 0.0876634 0.0908479 0.0949229 0.2104198 0.0746712 0.0819433 0.0869078 0.1125731 0.0812943 0.0817818 0.1043576 0.1020295 0.1493683 0.0883148 0.1098852 0.1021308 0.0711942 0.0818767 0.0917735 0.0748823 0.0760411 0.0689769 0.0687547 0.0853214 0.0683806 0.0886462 0.0813357 0.0796370 0.1442011 0.0750715 0.0765517 0.1030603 0.1031973 0.0855720 0.0728939 0.1044550 0.0660446 
S0428sl       0.4974177 0.4453243 0.4528261 0.0736767 0.1052842 0.0938922 0.2753062 0.0956324 0.0692350 0.0642165 0.1015657 0.0920493 0.0566507 0.0701746 0.0812299 0.0960999 0.0708904 0.1058874 0.1148857 0.0530650 0.1082070 0.0459300 0.0831732 0.0922727 0.0851295 0.0937885 0.0479072 0.1065527 0.0458606 0.0676216 0.0905278 0.0000000 0.1112937 0.0367538 0.0992443 0.1042423 0.1002983 0.0458015 0.0886216 0.0796565 0.0517839 0.0536081 0.0629528 0.0742051 0.0886919 0.0739507 0.1055369 0.1901949 0.1051869 0.1060501 0.1258738 0.0797359 0.1084531 0.0691791 0.0956058 0.0698855 0.0714066 0.1234857 0.0735377 0.0482760 0.0947382 0.0603253 0.0370487 0.0873917 0.0499395 0.0932290 0.0918080 0.0989191 0.0987197 0.1317592 0.0949733 0.1842268 0.1003639 0.1067174 0.0984372 0.1134860 0.0932482 0.1861782 0.0677121 0.1726720 0.0597746 0.1225029 0.0927008 0.1008480 0.1029121 0.0851421 0.1775644 0.0910807 0.0971962 0.0861634 0.0461807 0.0651271 0.0619735 0.1138183 0.0535833 0.0703233 0.0877379 0.1133585 0.1054431 0.0818239 0.0893252 0.0949059 0.0670071 0.0924623 0.0795306 0.0713540 0.0863662 0.0836204 0.0437173 0.0752164 0.0718154 0.0712389 0.0935475 0.0732023 0.0442657 0.0945314 0.0656631 0.0849930 0.1053066 0.0896959 
