119
CRNC          0.0000000 0.3251333 0.4506409 0.7169226 0.4450028 0.5799934 0.8287031 0.6617596 0.7000081 0.6306025 0.6970825 0.6466899 0.8849356 0.6722571 0.5987660 0.6562853 0.5909114 0.5886070 0.6642061 0.6236338 0.5057516 0.6105235 0.4548554 0.6657965 0.6154080 0.6158784 0.6076580 0.3891786 0.7085898 0.7144550 0.5954974 0.6061071 0.6019818 0.6642882 0.6956841 0.5707336 0.5276801 0.6076318 0.6308944 0.6509221 0.5742453 0.6592000 0.6627082 0.6357832 0.6154080 0.5957079 0.5411109 0.7102862 0.6060459 0.5886070 0.6101983 0.6346407 0.6661540 0.6452087 0.6254971 0.6562614 0.6786093 0.6158669 0.5950014 0.5951518 0.6025089 0.6348029 0.7091171 0.6433743 0.6354804 0.5777975 0.6661540 0.6191189 0.7099080 0.6642383 0.6141435 0.7421854 0.6490586 0.6591026 0.5855879 0.6590478 0.6596996 0.7042981 0.6518178 0.6638107 0.7456866 0.6323966 0.6520138 0.6307684 0.6510803 0.6103799 0.6514073 0.6345618 0.6520386 0.6790310 0.6369650 0.6157282 0.6385522 0.5593210 0.5488993 0.5670268 0.6001381 0.6061071 0.6585899 0.6296015 0.5775819 0.6777929 0.6345618 0.6845910 0.6474446 0.6425077 0.5641960 0.7231085 0.7055813 0.6736615 0.6221131 0.6280222 0.6354476 0.6102098 0.7421854 0.6607712 0.6234344 0.7179059 0.6733960 
HYZL          0.3251333 0.0000000 0.1842198 0.4205816 0.3461624 0.4083995 0.4130972 0.3673033 0.3727391 0.3689566 0.3849265 0.3532111 0.4318650 0.3797093 0.3631793 0.3929856 0.3665702 0.3693861 0.3779849 0.3731619 0.3841284 0.3691316 0.2740777 0.3488312 0.3486809 0.3478932 0.3360861 0.3612992 0.4087200 0.3705385 0.3631189 0.3942670 0.3328102 0.3736456 0.3993016 0.3716461 0.3741510 0.3449024 0.3541110 0.3542070 0.3400937 0.3192676 0.3422239 0.3955050 0.3652807 0.3044276 0.3857387 0.3736244 0.3858394 0.3693861 0.3323580 0.3643926 0.3744738 0.3566124 0.3609557 0.3522271 0.3651101 0.3753748 0.3214380 0.3248223 0.3834228 0.3736460 0.4043553 0.3645533 0.3596019 0.3567775 0.3688029 0.3524329 0.3796147 0.4058107 0.4079590 0.3595825 0.3889309 0.3360415 0.4054689 0.3863581 0.3535063 0.3538315 0.3401112 0.3557506 0.4064660 0.2863481 0.3770945 0.3472521 0.3995271 0.3488991 0.3338345 0.3574948 0.3696593 0.3365929 0.3573393 0.3574229 0.3980177 0.3801595 0.3350354 0.3980896 0.3851712 0.3813013 0.3736687 0.3692075 0.3705035 0.3738461 0.3524880 0.3499184 0.3464298 0.3659746 0.2931788 0.3473392 0.3870186 0.3731968 0.3442544 0.3340431 0.3456059 0.3442596 0.3665281 0.3386836 0.3420051 0.3986281 0.3484880 
MYZV          0.4506409 0.1842198 0.0000000 0.4375572 0.3930580 0.4023262 0.4776576 0.4461073 0.4036334 0.4294019 0.4331435 0.4356858 0.4550118 0.4230816 0.4252011 0.4846063 0.4252384 0.4280731 0.4230008 0.4091996 0.4058871 0.4060086 0.3176512 0.3786467 0.4066746 0.4287708 0.3973381 0.4161941 0.4330145 0.3799788 0.4078356 0.4312261 0.3588961 0.4570192 0.4501126 0.4268323 0.3856590 0.4161942 0.4288875 0.4209436 0.3712819 0.4146774 0.3929225 0.4294197 0.4260635 0.3841848 0.4387325 0.4267725 0.4394803 0.4280731 0.4125710 0.4233197 0.4582635 0.3856257 0.4286100 0.3808960 0.3898569 0.4528789 0.3900434 0.3905585 0.4672174 0.4208879 0.4564042 0.4636749 0.4236648 0.4147493 0.4769631 0.4248341 0.4652802 0.4879432 0.4378176 0.4166611 0.4286810 0.4091581 0.4804777 0.4487617 0.4191730 0.4110659 0.3906369 0.3846423 0.4253206 0.3494776 0.4110378 0.4431319 0.4630746 0.4383531 0.4094162 0.4242165 0.4388887 0.4104529 0.3687424 0.3874041 0.4516051 0.3987765 0.3955003 0.4529078 0.4271487 0.4414765 0.4433456 0.4699291 0.4101078 0.4225033 0.4186770 0.4190328 0.4210973 0.4009751 0.3875981 0.4113260 0.4311872 0.3999127 0.4080027 0.4064676 0.3795405 0.3917653 0.4246169 0.3954323 0.4098094 0.4230812 0.4136699 
SRR6441723    0.7169226 0.4205816 0.4375572 0.0000000 0.0822552 0.1093909 0.2642409 0.0976810 0.0953913 0.0829780 0.1024647 0.0921541 0.1388282 0.0849726 0.0846673 0.1166835 0.1252568 0.1111982 0.1068175 0.0889516 0.1068121 0.0555067 0.0747995 0.1086186 0.0762164 0.0852050 0.0843351 0.1200133 0.1276989 0.0880745 0.0839651 0.1080497 0.0680521 0.0832691 0.1228268 0.1150161 0.1015288 0.0936533 0.1051794 0.0881647 0.1218051 0.0900231 0.1060716 0.0973439 0.0848914 0.1014598 0.1165230 0.1293599 0.1265168 0.1111982 0.1189149 0.0916288 0.0875686 0.0961333 0.0883349 0.0912726 0.0887300 0.1000877 0.0888106 0.1205837 0.1178801 0.1064380 0.1480268 0.1054862 0.1174017 0.0988829 0.1043324 0.0911782 0.0932716 0.1060597 0.0959438 0.1055919 0.1433764 0.0947075 0.1044316 0.1091012 0.0755956 0.0874021 0.1298148 0.0918689 0.1579911 0.1069895 0.0795221 0.0846548 0.1118688 0.1109776 0.0712075 0.0875214 0.0926002 0.0719510 0.1029801 0.0975032 0.1131175 0.1358747 0.1141068 0.1321222 0.1030789 0.1066107 0.0962021 0.1073787 0.0572853 0.0864270 0.0878638 0.0909550 0.0993059 0.0634559 0.0626253 0.1039233 0.0894816 0.0897009 0.1030948 0.0979010 0.0872282 0.0846385 0.1099049 0.0938950 0.0849378 0.0868638 0.0925412 
ERR4210213    0.4450028 0.3461624 0.3930580 0.0822552 0.0000000 0.1216665 0.2109017 0.0964279 0.1066265 0.1047105 0.1032933 0.1018039 0.1507971 0.1113792 0.0826366 0.0885637 0.1613668 0.1105006 0.1041770 0.1161071 0.0964721 0.0468010 0.0715554 0.0825970 0.0821640 0.0959613 0.1156269 0.1109146 0.1403801 0.1072267 0.0701499 0.1053411 0.0822307 0.0827253 0.1334831 0.1060824 0.1041583 0.1017433 0.0883020 0.0893432 0.1048115 0.1188218 0.1232059 0.0946453 0.0883125 0.1089209 0.1249238 0.1375266 0.1018244 0.1105006 0.1165952 0.0945852 0.0827253 0.1142879 0.0883230 0.1066265 0.1160992 0.1124057 0.0894858 0.1572492 0.1317633 0.1145285 0.1572648 0.1239841 0.1243525 0.1060682 0.0761707 0.0884989 0.0912801 0.1103507 0.0840037 0.1152042 0.1516047 0.0899307 0.1253148 0.1172430 0.0889417 0.0815899 0.1465855 0.1066265 0.1895439 0.1321426 0.0762743 0.0766977 0.1245622 0.0878146 0.0763950 0.0945852 0.0816984 0.0698262 0.1268107 0.1212286 0.1197326 0.1583583 0.1348281 0.1108681 0.0972899 0.1097566 0.1015651 0.1160798 0.0653325 0.1198300 0.1015235 0.1059215 0.0915578 0.0816597 0.0613269 0.1108911 0.1189267 0.1123619 0.1146599 0.0765737 0.1066265 0.1168580 0.1218796 0.1113480 0.0887571 0.1131067 0.0960353 
ERR2789774    0.5799934 0.4083995 0.4023262 0.1093909 0.1216665 0.0000000 0.2450035 0.0739503 0.0692346 0.0990772 0.1106890 0.0610572 0.1424472 0.0927150 0.0494252 0.0857453 0.1242558 0.0738877 0.0870464 0.0957063 0.0823482 0.0855155 0.0505371 0.0752054 0.0568338 0.0501206 0.0908400 0.0687002 0.1168212 0.0699457 0.0700723 0.1018606 0.0821174 0.0738972 0.1068266 0.1044826 0.0638907 0.1015627 0.0729897 0.0495975 0.1249578 0.1296300 0.1000498 0.0647874 0.0530118 0.1109158 0.0998140 0.1241994 0.0707084 0.0738877 0.1000634 0.0607183 0.0779583 0.0738354 0.0573909 0.0692346 0.0787209 0.0780907 0.0969937 0.1316216 0.0938836 0.0963060 0.1488192 0.0868613 0.1218812 0.0753042 0.0951899 0.0696122 0.0835634 0.0881317 0.0543648 0.1011244 0.1191743 0.0924238 0.0983916 0.0888218 0.0739346 0.0772814 0.1064211 0.0657427 0.1700796 0.0740465 0.0617617 0.0752159 0.0932131 0.0906059 0.0945742 0.0568523 0.0773494 0.0704888 0.1030269 0.0916015 0.0966867 0.1621864 0.1218387 0.1209213 0.0964743 0.0961036 0.0648982 0.0935139 0.0700234 0.0807456 0.0532404 0.0588089 0.0665496 0.0652655 0.0557279 0.1256434 0.0882449 0.0884235 0.0961896 0.0820821 0.0574290 0.0869472 0.1055693 0.0878650 0.0541154 0.0950817 0.0612928 
PAFTOL_019361 0.8287031 0.4130972 0.4776576 0.2642409 0.2109017 0.2450035 0.0000000 0.2694531 0.2252508 0.2696062 0.2933729 0.2603005 0.3154055 0.2956619 0.2365697 0.2627392 0.2997841 0.2566854 0.2757973 0.2585082 0.2790275 0.2751102 0.2902897 0.3634806 0.2559849 0.2532435 0.2340333 0.2437119 0.2773659 0.2223334 0.2620528 0.2818334 0.2443890 0.2590445 0.3211779 0.2535453 0.2569621 0.2578026 0.2672798 0.2411521 0.2898995 0.2711065 0.2589419 0.2912764 0.2578522 0.2783453 0.2878416 0.2328775 0.2902750 0.2566854 0.2634473 0.2526400 0.2580906 0.2271401 0.2551282 0.2197307 0.2240631 0.2551130 0.2661885 0.2712321 0.2745824 0.2366995 0.3176822 0.2632300 0.3005293 0.2527264 0.2662951 0.2469859 0.2712660 0.2722683 0.2461623 0.2778959 0.2498465 0.2794172 0.2478970 0.2479011 0.2383246 0.2653160 0.2496576 0.2213855 0.2913563 0.2789623 0.2474740 0.2830543 0.2565158 0.2710786 0.2654788 0.2527352 0.2725752 0.2466545 0.2742841 0.2305748 0.2634739 0.3167471 0.2804713 0.2701709 0.2683684 0.2718516 0.2659010 0.2676349 0.2688184 0.2739059 0.2481717 0.2486544 0.2871682 0.2664399 0.2185038 0.2677690 0.2950767 0.2891035 0.2562202 0.2642621 0.2253698 0.2294404 0.2839551 0.2504332 0.2333952 0.2518492 0.2604972 
S0055         0.6617596 0.3673033 0.4461073 0.0976810 0.0964279 0.0739503 0.2694531 0.0000000 0.0652338 0.0836051 0.0734710 0.0428086 0.1383016 0.0825148 0.0396473 0.0851645 0.1066084 0.0728407 0.0775627 0.0928805 0.0689795 0.0648144 0.0596616 0.0619755 0.0395015 0.0398645 0.0766538 0.0588333 0.1189331 0.0620957 0.0468911 0.0773779 0.0650403 0.0392844 0.0702098 0.0976644 0.0589703 0.0781436 0.0464937 0.0393834 0.1121820 0.0916821 0.0813852 0.0615794 0.0397506 0.0987369 0.0762468 0.1206645 0.0694411 0.0728407 0.0815545 0.0425916 0.0428753 0.0657206 0.0394740 0.0615043 0.0701784 0.0614839 0.0823999 0.1043556 0.0968176 0.0774976 0.1442486 0.0580225 0.0956610 0.0626394 0.0466753 0.0503178 0.0471444 0.0657465 0.0671671 0.0944824 0.1248254 0.0659665 0.0879639 0.0828851 0.0434926 0.0504947 0.1124061 0.0618804 0.1634406 0.0674738 0.0435983 0.0662112 0.0912309 0.0658454 0.0725974 0.0391254 0.0429879 0.0511013 0.0911251 0.0659119 0.0819822 0.1311906 0.0906328 0.1056107 0.0731109 0.0802538 0.0462677 0.0827709 0.0582974 0.0753836 0.0427424 0.0367907 0.0125999 0.0578268 0.0303855 0.0957655 0.0823562 0.0785821 0.0856856 0.0434253 0.0578316 0.0730790 0.0985980 0.0736648 0.0397615 0.0692460 0.0429638 
S0196sl       0.7000081 0.3727391 0.4036334 0.0953913 0.1066265 0.0692346 0.2252508 0.0652338 0.0000000 0.0622613 0.0725858 0.0642403 0.1126007 0.0806882 0.0610749 0.1093080 0.0926376 0.0931463 0.0933710 0.0796699 0.0977100 0.0669424 0.0577848 0.0719742 0.0608447 0.0577828 0.0642185 0.0923201 0.0825087 0.0092948 0.0568566 0.0979636 0.0603502 0.0527866 0.1028348 0.1046405 0.0765515 0.0649053 0.0757339 0.0534119 0.0973298 0.0775014 0.0686403 0.0843243 0.0612313 0.0689423 0.1020102 0.0938322 0.0806255 0.0931463 0.0881172 0.0639046 0.0564986 0.0124315 0.0607853 0.0092155 0.0157499 0.0675143 0.0578537 0.0815330 0.0997423 0.0610405 0.1179472 0.0719793 0.0933431 0.0739211 0.0712035 0.0563849 0.0574091 0.0801464 0.0867419 0.0879476 0.0934241 0.0850508 0.0948413 0.0950021 0.0567741 0.0558660 0.0901559 0.0092657 0.1333776 0.0476689 0.0497491 0.0647967 0.0899125 0.0889469 0.0710519 0.0602508 0.0720049 0.0606149 0.0729809 0.0501081 0.1029541 0.1048499 0.0901188 0.1163337 0.0933832 0.0926811 0.0678636 0.0895578 0.0689738 0.0737195 0.0568476 0.0549266 0.0616854 0.0566240 0.0518670 0.0726511 0.0764865 0.0768551 0.0803849 0.0804727 0.0123502 0.0534949 0.0919050 0.0578398 0.0612552 0.0603167 0.0644843 
S0278         0.6306025 0.3689566 0.4294019 0.0829780 0.1047105 0.0990772 0.2696062 0.0836051 0.0622613 0.0000000 0.0751714 0.0745674 0.0640747 0.0921256 0.0712847 0.1142698 0.0514922 0.1006600 0.1061064 0.0292874 0.0951659 0.0811796 0.0705580 0.0768123 0.0632684 0.0717056 0.0227340 0.0959468 0.0519958 0.0590841 0.0628873 0.1017969 0.0330487 0.0662388 0.0906698 0.1032498 0.0890182 0.0191879 0.0817654 0.0707745 0.0498557 0.0560324 0.0591997 0.0839396 0.0714725 0.0673817 0.1017615 0.1061961 0.0967498 0.1006600 0.1003301 0.0741579 0.0702599 0.0627315 0.0748322 0.0550011 0.0671825 0.0773726 0.0481222 0.0628978 0.0982694 0.0549976 0.0944160 0.0819269 0.0400955 0.0803609 0.0860775 0.0578817 0.0753925 0.0959315 0.0906646 0.1008891 0.1144084 0.0884989 0.0885762 0.1020224 0.0704422 0.0779721 0.1019891 0.0588780 0.1484132 0.0381764 0.0586670 0.0751376 0.0918598 0.1039618 0.0738082 0.0702760 0.0869032 0.0708938 0.0262245 0.0436593 0.1070160 0.0758820 0.0300238 0.1202182 0.0970176 0.1046794 0.0784084 0.0927486 0.0757260 0.0848157 0.0744395 0.0688666 0.0849552 0.0702342 0.0617961 0.0518039 0.0919460 0.0880418 0.0259144 0.0878751 0.0548286 0.0227469 0.1051383 0.0483125 0.0637229 0.0863140 0.0788212 
S0281         0.6970825 0.3849265 0.4331435 0.1024647 0.1032933 0.1106890 0.2933729 0.0734710 0.0725858 0.0751714 0.0000000 0.0734801 0.1340538 0.0990209 0.0741376 0.1208644 0.0821776 0.0999950 0.0908288 0.0939991 0.0924794 0.0721190 0.0601720 0.0795462 0.0623558 0.0706510 0.0775733 0.0721771 0.1139164 0.0694637 0.0645678 0.0910194 0.0658188 0.0497250 0.1038854 0.1121588 0.0938486 0.0784383 0.0855318 0.0736130 0.0988320 0.0833129 0.0903822 0.0854773 0.0704243 0.0780059 0.0869569 0.1252117 0.0895092 0.0999950 0.1069020 0.0730826 0.0534351 0.0731288 0.0698887 0.0687978 0.0777189 0.0732470 0.0584667 0.1079334 0.0926404 0.0819189 0.1385107 0.0857786 0.0867249 0.0671615 0.0681638 0.0651820 0.0579757 0.0770826 0.0920555 0.0663469 0.1294078 0.0915635 0.0934035 0.1100183 0.0656281 0.0729825 0.1168957 0.0610177 0.1683889 0.0807654 0.0583270 0.0656621 0.0966958 0.1040524 0.0883375 0.0692621 0.0738140 0.0688945 0.0870777 0.0740183 0.0959464 0.1251296 0.1054663 0.1242602 0.0864844 0.0938905 0.0772605 0.0789647 0.0785284 0.0871350 0.0733558 0.0672690 0.0707398 0.0654490 0.0570063 0.0895162 0.0988306 0.0867975 0.0948831 0.0785564 0.0650700 0.0739592 0.0701735 0.0662032 0.0665851 0.0610800 0.0777217 
S0282         0.6466899 0.3532111 0.4356858 0.0921541 0.1018039 0.0610572 0.2603005 0.0428086 0.0642403 0.0745674 0.0734801 0.0000000 0.1408815 0.0733858 0.0125708 0.0724931 0.0929439 0.0803005 0.0814842 0.0877056 0.0805056 0.0638330 0.0579873 0.0800900 0.0093478 0.0126320 0.0718823 0.0676366 0.1169684 0.0611445 0.0537052 0.0944810 0.0605469 0.0462902 0.0815322 0.0892569 0.0675839 0.0732650 0.0222168 0.0124911 0.1062287 0.0945258 0.0688552 0.0571463 0.0094051 0.0933337 0.0930769 0.1147118 0.0694415 0.0803005 0.0728578 0.0124106 0.0499641 0.0647138 0.0157242 0.0605705 0.0690887 0.0498756 0.0773890 0.1071207 0.1011920 0.0651064 0.1375013 0.0501252 0.1068076 0.0624426 0.0645774 0.0532644 0.0544191 0.0582840 0.0476660 0.0734993 0.1187723 0.0580953 0.0920746 0.0917895 0.0464834 0.0463196 0.0983351 0.0609361 0.1563575 0.0721019 0.0465975 0.0616227 0.0953296 0.0687524 0.0679294 0.0092635 0.0459507 0.0574564 0.0821176 0.0575100 0.0949901 0.1245125 0.0985963 0.1136943 0.0899301 0.0973172 0.0156423 0.0867912 0.0539149 0.0582003 0.0124523 0.0094689 0.0434397 0.0534850 0.0300102 0.0985761 0.0732466 0.0695952 0.0806373 0.0535599 0.0569560 0.0683754 0.0773724 0.0575901 0.0094062 0.0720070 0.0321805 
S0289         0.8849356 0.4318650 0.4550118 0.1388282 0.1507971 0.1424472 0.3154055 0.1383016 0.1126007 0.0640747 0.1340538 0.1408815 0.0000000 0.1529308 0.1219484 0.1605967 0.1048487 0.1623249 0.1567978 0.0749208 0.1458613 0.1329952 0.1344694 0.1668588 0.1127265 0.1284809 0.0744917 0.1391344 0.0622150 0.1094507 0.1225220 0.1741426 0.0749935 0.1260311 0.1616211 0.1681345 0.1539508 0.0667077 0.1313593 0.1365234 0.0825767 0.0837901 0.1138777 0.1418548 0.1222576 0.1274262 0.1625671 0.1378030 0.1655102 0.1623249 0.1623322 0.1400364 0.1308747 0.1134815 0.1367272 0.1083211 0.1190350 0.1311430 0.1017015 0.0924960 0.1507627 0.1183818 0.1010802 0.1444559 0.0704276 0.1395574 0.1401157 0.1070731 0.1378286 0.1566420 0.1358223 0.1563960 0.1519013 0.1482824 0.1370701 0.1520179 0.1195127 0.1254400 0.1477305 0.1090416 0.1927593 0.1099246 0.1085791 0.1372649 0.1353629 0.1416258 0.1347795 0.1354749 0.1463396 0.1273270 0.0672349 0.1092713 0.1617453 0.1118847 0.0754738 0.1813611 0.1618169 0.1767256 0.1453338 0.1535289 0.1225660 0.1497450 0.1406139 0.1249403 0.1502404 0.1196986 0.1048162 0.1117921 0.1573201 0.1480122 0.0785359 0.1433154 0.1041242 0.0708597 0.1612025 0.1016478 0.1283509 0.1450768 0.1348006 
S0292         0.6722571 0.3797093 0.4230816 0.0849726 0.1113792 0.0927150 0.2956619 0.0825148 0.0806882 0.0921256 0.0990209 0.0733858 0.1529308 0.0000000 0.0701510 0.1206914 0.1164886 0.1194408 0.1172646 0.1022146 0.1260671 0.0649647 0.0208085 0.0665236 0.0622780 0.0703102 0.0934672 0.0951920 0.1324555 0.0772965 0.0773652 0.1117206 0.0852538 0.0617482 0.1143327 0.1209017 0.1124654 0.0945298 0.0854182 0.0620928 0.1211403 0.1007103 0.0987332 0.0863739 0.0703332 0.1073026 0.1406797 0.1448047 0.1136463 0.1194408 0.0881189 0.0689531 0.0656665 0.0812959 0.0698004 0.0768157 0.0819934 0.0758916 0.0906521 0.1224349 0.1259105 0.0987432 0.1587996 0.0858607 0.1044187 0.0907866 0.0811086 0.0690816 0.0667559 0.0860261 0.0930767 0.1071536 0.1492089 0.0873924 0.1189470 0.1139474 0.0620249 0.0693336 0.1312268 0.0772963 0.1725952 0.0599188 0.0697746 0.0552463 0.1226247 0.1039080 0.0542733 0.0691742 0.0815368 0.0585021 0.0883459 0.0983918 0.1174338 0.1459976 0.1229242 0.1375845 0.1179742 0.1170426 0.0771604 0.1091934 0.0593696 0.0159298 0.0654265 0.0635426 0.0838282 0.0400753 0.0571738 0.1045107 0.0189302 0.0157995 0.1031885 0.0907709 0.0730071 0.0894515 0.1113844 0.0870427 0.0703657 0.0930336 0.0778129 
S0293         0.5987660 0.3631793 0.4252011 0.0846673 0.0826366 0.0494252 0.2365697 0.0396473 0.0610749 0.0712847 0.0741376 0.0125708 0.1219484 0.0701510 0.0000000 0.0615305 0.0937907 0.0770972 0.0782404 0.0729028 0.0733976 0.0570229 0.0349780 0.0748241 0.0093353 0.0126990 0.0687092 0.0538442 0.0992192 0.0579523 0.0433719 0.0912132 0.0537351 0.0431301 0.0743372 0.0900727 0.0552742 0.0739197 0.0223346 0.0125483 0.1017086 0.0902574 0.0656555 0.0501858 0.0093925 0.0900940 0.0894926 0.1062476 0.0662135 0.0770972 0.0696465 0.0125108 0.0467940 0.0615280 0.0158528 0.0574063 0.0658759 0.0503027 0.0741466 0.1038516 0.0928919 0.0619026 0.1185882 0.0505562 0.1035478 0.0591890 0.0613973 0.0501061 0.0511992 0.0512243 0.0368429 0.0741570 0.1058810 0.0548722 0.0836815 0.0843555 0.0431503 0.0430265 0.0901277 0.0577540 0.1471106 0.0669477 0.0434157 0.0584108 0.0870997 0.0612438 0.0647638 0.0093381 0.0428106 0.0542648 0.0788564 0.0543183 0.0867897 0.1196029 0.0953297 0.1103780 0.0863269 0.0940855 0.0157695 0.0755022 0.0432536 0.0631633 0.0125530 0.0162335 0.0402343 0.0463130 0.0301463 0.0953096 0.0700179 0.0663612 0.0694047 0.0503854 0.0537922 0.0651925 0.0780676 0.0541850 0.0094828 0.0688254 0.0290561 
S0294         0.6562853 0.3929856 0.4846063 0.1166835 0.0885637 0.0857453 0.2627392 0.0851645 0.1093080 0.1142698 0.1208644 0.0724931 0.1605967 0.1206914 0.0615305 0.0000000 0.1248591 0.1068507 0.1170784 0.1187440 0.1116564 0.0965550 0.0733270 0.0873884 0.0612969 0.0659132 0.0931867 0.1027670 0.1495169 0.1062230 0.0816084 0.1228297 0.0890722 0.0890328 0.1259915 0.1224596 0.0777163 0.1251625 0.0804964 0.0688118 0.1402944 0.1224767 0.1236066 0.0888967 0.0616889 0.1302128 0.1160579 0.1292029 0.0978597 0.1068507 0.1111677 0.0721061 0.0887073 0.1101428 0.0689519 0.1051552 0.1069951 0.0974753 0.1212693 0.1553027 0.1313370 0.1153983 0.1775638 0.1017953 0.1362386 0.1045949 0.1099067 0.0968589 0.0990374 0.0993170 0.0583536 0.1168075 0.1440884 0.0951653 0.1113260 0.1066490 0.0850626 0.0931789 0.1296651 0.1058364 0.1779935 0.1048210 0.0897330 0.1070284 0.1267146 0.0928039 0.1051234 0.0683403 0.0805204 0.0938654 0.1221100 0.1065374 0.1123509 0.1667114 0.1363618 0.1442582 0.1128979 0.1256021 0.0680795 0.1190486 0.0819199 0.1132411 0.0723724 0.0703617 0.0865059 0.0919663 0.0524369 0.1363168 0.1204588 0.1163597 0.0981002 0.0893354 0.1010813 0.0975885 0.1211671 0.1151942 0.0695029 0.1143517 0.0804722 
S0299         0.5909114 0.3665702 0.4252384 0.1252568 0.1613668 0.1242558 0.2997841 0.1066084 0.0926376 0.0514922 0.0821776 0.0929439 0.1048487 0.1164886 0.0937907 0.1248591 0.0000000 0.1327853 0.1198451 0.0571554 0.1241240 0.1126398 0.0910023 0.1010690 0.0814242 0.0902535 0.0426586 0.1030299 0.0911827 0.0895314 0.0935589 0.1342668 0.0537660 0.0969346 0.1150654 0.1341644 0.1316584 0.0506003 0.1055635 0.0931138 0.0725431 0.0738313 0.0771145 0.1112563 0.0899501 0.1122570 0.1209402 0.1260617 0.1045637 0.1327853 0.1238947 0.0924306 0.1012939 0.0933389 0.0892426 0.0886494 0.0983469 0.1053848 0.0831509 0.0852555 0.1068190 0.0810355 0.1195897 0.0883627 0.0818919 0.0939839 0.1181613 0.0967013 0.0975557 0.1203712 0.1138561 0.1165872 0.1302870 0.1122690 0.1129415 0.1320696 0.0934042 0.1012124 0.1176906 0.0892120 0.1695540 0.0424411 0.0980349 0.0985317 0.1161362 0.1118819 0.0967997 0.0884471 0.1015428 0.1061381 0.0583490 0.0730396 0.1399424 0.1060737 0.0664373 0.1513003 0.1291376 0.1369512 0.0968666 0.1086702 0.1020757 0.1090756 0.0927817 0.0876196 0.1040549 0.0851550 0.0768707 0.0823062 0.1162642 0.1076163 0.0576468 0.1026765 0.0847313 0.0393245 0.1209320 0.0655472 0.0820108 0.1100282 0.1014625 
S0303         0.5886070 0.3693861 0.4280731 0.1111982 0.1105006 0.0738877 0.2566854 0.0728407 0.0931463 0.1006600 0.0999950 0.0803005 0.1623249 0.1194408 0.0770972 0.1068507 0.1327853 0.0000000 0.0581881 0.1179810 0.0323313 0.0968018 0.0752406 0.0952896 0.0767978 0.0660685 0.0926283 0.0940230 0.1415287 0.0900252 0.0983988 0.0261820 0.0843871 0.0776186 0.1032355 0.0596817 0.0070983 0.1111409 0.0924360 0.0765551 0.1399260 0.1118697 0.1051513 0.0938391 0.0732460 0.1074043 0.0258101 0.1256610 0.1038547 0.0000010 0.1199222 0.0798669 0.0817654 0.0938551 0.0767055 0.0891333 0.0906814 0.0815741 0.0948183 0.1249576 0.0581047 0.1018408 0.1667412 0.1022092 0.1219748 0.0357183 0.0979724 0.0852661 0.0871963 0.1036779 0.0879348 0.0901798 0.1388319 0.1030423 0.0590699 0.0672485 0.0779616 0.0855766 0.1214099 0.0897021 0.1689775 0.0781395 0.0781970 0.1117983 0.0548603 0.0982932 0.1182601 0.0760251 0.0770305 0.0984401 0.1108494 0.0933422 0.0225891 0.1599518 0.1264518 0.0747511 0.0226735 0.0292242 0.0840949 0.0620401 0.0944167 0.1120675 0.0801648 0.0744403 0.0662664 0.1018181 0.0642119 0.1130109 0.1192126 0.1067093 0.1151158 0.0817974 0.0773368 0.0969944 0.0942462 0.0976330 0.0696300 0.0849836 0.0847979 
S0308         0.6642061 0.3779849 0.4230008 0.1068175 0.1041770 0.0870464 0.2757973 0.0775627 0.0933710 0.1061064 0.0908288 0.0814842 0.1567978 0.1172646 0.0782404 0.1170784 0.1198451 0.0581881 0.0000000 0.1152897 0.0544426 0.0805016 0.0507495 0.0881485 0.0779331 0.0787020 0.0979346 0.0889828 0.1388648 0.0862893 0.0862129 0.0588179 0.0855372 0.0815323 0.1190446 0.0645978 0.0546952 0.1123912 0.0857564 0.0776832 0.1371963 0.1077655 0.0941734 0.0990925 0.0784435 0.1029352 0.0661354 0.1291890 0.1094149 0.0581881 0.1116775 0.0810380 0.0857268 0.0940827 0.0778361 0.0893500 0.0909045 0.1018164 0.0868797 0.1207677 0.0750685 0.1029702 0.1524917 0.0899457 0.1254457 0.0399369 0.1020866 0.0892586 0.0912669 0.1125012 0.0970789 0.0864883 0.1245580 0.0952857 0.0714467 0.0511044 0.0740525 0.0816075 0.1164864 0.0899212 0.1727032 0.0731615 0.0782746 0.0864629 0.0747148 0.1082190 0.1056388 0.0771382 0.0818611 0.0943224 0.1179056 0.0943672 0.0631156 0.1403537 0.1279115 0.0717995 0.0547946 0.0617762 0.0853352 0.0666720 0.0823268 0.1098052 0.0813442 0.0748852 0.0709086 0.0896105 0.0610495 0.0959721 0.1170376 0.1044209 0.1164117 0.0867819 0.0775292 0.0942071 0.0905286 0.0948305 0.0745277 0.0732927 0.0767330 
S0320         0.6236338 0.3731619 0.4091996 0.0889516 0.1161071 0.0957063 0.2585082 0.0928805 0.0796699 0.0292874 0.0939991 0.0877056 0.0749208 0.1022146 0.0729028 0.1187440 0.0571554 0.1179810 0.1152897 0.0000000 0.1096420 0.0909749 0.0813720 0.1064948 0.0726104 0.0850110 0.0252990 0.0971184 0.0702058 0.0765791 0.0727675 0.1192781 0.0424905 0.0837690 0.0917750 0.1144015 0.1097633 0.0463594 0.0948155 0.0839217 0.0520211 0.0696157 0.0647657 0.0972998 0.0808136 0.0981516 0.1149279 0.1199020 0.1059679 0.1179810 0.1094630 0.0872297 0.0879191 0.0802634 0.0840799 0.0722915 0.0849590 0.0998454 0.0702459 0.0853168 0.1186671 0.0685070 0.1102657 0.0910487 0.0692093 0.0897231 0.1040831 0.0835606 0.0934229 0.1056672 0.0836507 0.1235968 0.1111406 0.1064521 0.0904983 0.1132691 0.0881370 0.0957768 0.1117087 0.0763126 0.1528735 0.0475193 0.0846945 0.0930965 0.1102564 0.1144981 0.0836357 0.0833384 0.0960811 0.0924785 0.0467152 0.0569135 0.1246360 0.0961163 0.0437066 0.1353242 0.1144057 0.1219992 0.0915418 0.1029154 0.0807318 0.0949863 0.0875561 0.0823632 0.0943499 0.0800788 0.0717592 0.0781538 0.1020196 0.0981188 0.0253645 0.0971353 0.0720804 0.0221054 0.1279559 0.0574371 0.0769743 0.1043636 0.0880554 
S0322         0.5057516 0.3841284 0.4058871 0.1068121 0.0964721 0.0823482 0.2790275 0.0689795 0.0977100 0.0951659 0.0924794 0.0805056 0.1458613 0.1260671 0.0733976 0.1116564 0.1241240 0.0323313 0.0544426 0.1096420 0.0000000 0.0847781 0.0759215 0.1028614 0.0731130 0.0777433 0.0926706 0.0839716 0.1349881 0.0945826 0.0942646 0.0327744 0.0728404 0.0736797 0.0949889 0.0676128 0.0257990 0.0972484 0.0926840 0.0767467 0.1159507 0.1076458 0.0970279 0.0937792 0.0695692 0.1025026 0.0291502 0.1195605 0.0987717 0.0323313 0.1202852 0.0800694 0.0777819 0.0984582 0.0768986 0.0936366 0.0952750 0.0855616 0.0781970 0.1149593 0.0615856 0.0975552 0.1408487 0.0980538 0.1116258 0.0433679 0.0850712 0.0803492 0.0831088 0.1039767 0.0881470 0.1032652 0.1240051 0.0941446 0.0628220 0.0790366 0.0701151 0.0815665 0.1071387 0.0942400 0.1619116 0.0788342 0.0733815 0.1075370 0.0658639 0.0941772 0.1140109 0.0762146 0.0649886 0.1025502 0.0985528 0.0891476 0.0402114 0.1336648 0.1117596 0.0747661 0.0258209 0.0357718 0.0843130 0.0695987 0.0822862 0.1185329 0.0803690 0.0790551 0.0624101 0.0933155 0.0602609 0.1131770 0.1258228 0.1129546 0.1067380 0.0694699 0.0816647 0.0890030 0.1074778 0.0895831 0.0698011 0.0810007 0.0808252 
S0335         0.6105235 0.3691316 0.4060086 0.0555067 0.0468010 0.0855155 0.2751102 0.0648144 0.0669424 0.0811796 0.0721190 0.0638330 0.1329952 0.0649647 0.0570229 0.0965550 0.1126398 0.0968018 0.0805016 0.0909749 0.0847781 0.0000000 0.0350064 0.0781579 0.0496476 0.0610250 0.0827274 0.0866228 0.1062853 0.0638921 0.0564979 0.0934893 0.0637668 0.0454747 0.0820930 0.0955803 0.0812458 0.0836304 0.0752504 0.0602737 0.1094169 0.0892628 0.0874880 0.0722259 0.0571686 0.0801039 0.0972129 0.1090627 0.0930265 0.0968018 0.0916990 0.0635015 0.0490790 0.0674295 0.0603995 0.0632986 0.0643429 0.0745026 0.0723876 0.1179894 0.0989525 0.0836425 0.1438624 0.0754634 0.1045951 0.0734510 0.0634193 0.0560406 0.0534377 0.0796314 0.0703762 0.0838914 0.1133386 0.0730420 0.0901326 0.0985068 0.0528343 0.0634330 0.1055027 0.0636768 0.1455325 0.0713175 0.0494434 0.0498776 0.0930738 0.0841635 0.0490178 0.0598713 0.0641109 0.0530199 0.0921605 0.0756943 0.0939887 0.1315294 0.1103113 0.1070635 0.0849891 0.0963070 0.0674332 0.0889853 0.0326858 0.0581546 0.0637301 0.0546230 0.0620594 0.0386572 0.0406016 0.0849974 0.0648432 0.0612970 0.0880653 0.0685196 0.0597102 0.0791867 0.0878034 0.0763441 0.0608632 0.0746645 0.0604682 
S0345         0.4548554 0.2740777 0.3176512 0.0747995 0.0715554 0.0505371 0.2902897 0.0596616 0.0577848 0.0705580 0.0601720 0.0579873 0.1344694 0.0208085 0.0349780 0.0733270 0.0910023 0.0752406 0.0507495 0.0813720 0.0759215 0.0350064 0.0000000 0.0598555 0.0347226 0.0424353 0.0814127 0.0543506 0.1039441 0.0577848 0.0594007 0.0841964 0.0578147 0.0282882 0.0863448 0.0712704 0.0675371 0.0847177 0.0421024 0.0427044 0.1031608 0.0836488 0.0846137 0.0424977 0.0421024 0.1052476 0.1038429 0.1394745 0.0673779 0.0752406 0.0503731 0.0421024 0.0282882 0.0666146 0.0421100 0.0577848 0.0577848 0.0427428 0.0863713 0.1222793 0.0755392 0.1005065 0.1343558 0.0580941 0.0875617 0.0504374 0.0357233 0.0354369 0.0364682 0.0359460 0.0508183 0.0585264 0.1195800 0.0518551 0.0848605 0.0931968 0.0350303 0.0350303 0.1106392 0.0664737 0.1720334 0.0574945 0.0357349 0.0137425 0.0763394 0.0589523 0.0507741 0.0421024 0.0275223 0.0357310 0.0846467 0.1006633 0.0927881 0.1336079 0.1253741 0.0856050 0.0848451 0.0927068 0.0496233 0.0603155 0.0000010 0.0212556 0.0421024 0.0596157 0.0512304 0.0067263 0.0209994 0.0864771 0.0207461 0.0067263 0.0739473 0.0205702 0.0577848 0.0732787 0.0585264 0.0678876 0.0503319 0.0656879 0.0506618 
S0376         0.6657965 0.3488312 0.3786467 0.1086186 0.0825970 0.0752054 0.3634806 0.0619755 0.0719742 0.0768123 0.0795462 0.0800900 0.1668588 0.0665236 0.0748241 0.0873884 0.1010690 0.0952896 0.0881485 0.1064948 0.1028614 0.0781579 0.0598555 0.0000000 0.0743479 0.0619181 0.0858795 0.0645632 0.1341514 0.0726916 0.0150976 0.1025646 0.0799873 0.0432662 0.1123768 0.0988438 0.1026593 0.0940049 0.0870259 0.0677017 0.1133669 0.1016125 0.1085820 0.0880847 0.0680857 0.1141618 0.1265079 0.1551301 0.0739257 0.0952896 0.0931927 0.0731017 0.0490183 0.0728039 0.0742051 0.0719742 0.0659713 0.0603165 0.0998380 0.1019838 0.0743049 0.0927836 0.1609248 0.0738689 0.0866871 0.0748677 0.0608446 0.0546111 0.0557576 0.0681749 0.0907738 0.0944956 0.1396133 0.1175331 0.1048885 0.1142745 0.0486324 0.0603039 0.1318688 0.0650462 0.1793901 0.0732900 0.0497526 0.0600189 0.1038825 0.0956494 0.0789706 0.0669442 0.0614923 0.0482606 0.0865964 0.0928537 0.1182385 0.1391891 0.1170485 0.0972511 0.0963388 0.1093748 0.0793733 0.0970266 0.0749905 0.0549970 0.0669442 0.0758266 0.0555509 0.0549257 0.0452142 0.0879343 0.0663728 0.0600268 0.1012781 0.0618003 0.0659713 0.0795441 0.0944956 0.0870573 0.0623027 0.0804553 0.0674962 
S0400         0.6154080 0.3486809 0.4066746 0.0762164 0.0821640 0.0568338 0.2559849 0.0395015 0.0608447 0.0632684 0.0623558 0.0093478 0.1127265 0.0622780 0.0093353 0.0612969 0.0814242 0.0767978 0.0779331 0.0726104 0.0731130 0.0496476 0.0347226 0.0743479 0.0000000 0.0094424 0.0610148 0.0625961 0.0906065 0.0577327 0.0503347 0.0908461 0.0463949 0.0429709 0.0740461 0.0897000 0.0550310 0.0621729 0.0189799 0.0093640 0.0928460 0.0818862 0.0579634 0.0429151 0.0062085 0.0817458 0.0891386 0.0975673 0.0659575 0.0767978 0.0618390 0.0093036 0.0466199 0.0612944 0.0125742 0.0571909 0.0656227 0.0465347 0.0661634 0.1034271 0.0968819 0.0616662 0.1180904 0.0467703 0.0948212 0.0589596 0.0611647 0.0499198 0.0510051 0.0511919 0.0366996 0.0699873 0.1054375 0.0437529 0.0874239 0.0840129 0.0429909 0.0428681 0.0817821 0.0575359 0.1374199 0.0545839 0.0432542 0.0508494 0.0867506 0.0610124 0.0571744 0.0061728 0.0426540 0.0468419 0.0707145 0.0541132 0.0864428 0.1190787 0.0867860 0.1099164 0.0859837 0.0937097 0.0125080 0.0831685 0.0361151 0.0553780 0.0093350 0.0128733 0.0400840 0.0391728 0.0265657 0.0867668 0.0621596 0.0585753 0.0616228 0.0466258 0.0535911 0.0575517 0.0738442 0.0469539 0.0062677 0.0685624 0.0289515 
S0405         0.6158784 0.3478932 0.4287708 0.0852050 0.0959613 0.0501206 0.2532435 0.0398645 0.0577828 0.0717056 0.0706510 0.0126320 0.1284809 0.0703102 0.0126990 0.0659132 0.0902535 0.0660685 0.0787020 0.0850110 0.0777433 0.0610250 0.0424353 0.0619181 0.0094424 0.0000000 0.0691007 0.0682745 0.1050958 0.0544517 0.0508060 0.0914282 0.0577059 0.0433674 0.0787466 0.0906310 0.0514310 0.0704415 0.0224455 0.0126540 0.1031565 0.0914933 0.0698394 0.0506549 0.0095008 0.0906309 0.0903834 0.1079747 0.0628435 0.0660685 0.0700486 0.0125714 0.0470533 0.0582132 0.0159307 0.0541230 0.0623049 0.0434448 0.0745810 0.1003364 0.0884204 0.0660343 0.1295343 0.0472064 0.0946545 0.0595313 0.0617448 0.0468450 0.0514886 0.0514998 0.0406705 0.0658251 0.1116550 0.0551846 0.0886644 0.0849417 0.0435498 0.0468155 0.0864073 0.0544509 0.1495283 0.0545916 0.0401431 0.0587436 0.0885334 0.0622193 0.0651303 0.0093830 0.0430449 0.0545694 0.0793240 0.0583199 0.0922635 0.1214000 0.0959070 0.1106473 0.0871909 0.0946481 0.0158469 0.0840055 0.0470777 0.0635311 0.0125740 0.0128783 0.0404577 0.0505964 0.0267634 0.0958868 0.0701763 0.0667464 0.0778730 0.0506664 0.0505173 0.0653363 0.0696282 0.0584026 0.0095289 0.0692187 0.0326131 
S0407sl       0.6076580 0.3360861 0.3973381 0.0843351 0.1156269 0.0908400 0.2340333 0.0766538 0.0642185 0.0227340 0.0775733 0.0718823 0.0744917 0.0934672 0.0687092 0.0931867 0.0426586 0.0926283 0.0979346 0.0252990 0.0926706 0.0827274 0.0814127 0.0858795 0.0610148 0.0691007 0.0000000 0.0921836 0.0622371 0.0611245 0.0648478 0.0936353 0.0188737 0.0681174 0.0923181 0.1008218 0.0902000 0.0290219 0.0836381 0.0682352 0.0446365 0.0506766 0.0499112 0.0808414 0.0688844 0.0737292 0.0895447 0.0941164 0.0983010 0.0926283 0.0925427 0.0715020 0.0720574 0.0646916 0.0683734 0.0605511 0.0690634 0.0798240 0.0548029 0.0693501 0.0958416 0.0500307 0.1010666 0.0751785 0.0505256 0.0735231 0.0875315 0.0679395 0.0771045 0.0931304 0.0791529 0.0976886 0.1062784 0.0815376 0.0741593 0.1000928 0.0722390 0.0796019 0.0944085 0.0609163 0.1337623 0.0307083 0.0688510 0.0768489 0.0852274 0.0929297 0.0755235 0.0677718 0.0798423 0.0687317 0.0325612 0.0428166 0.0985282 0.0875076 0.0364034 0.1168351 0.0891354 0.0964506 0.0755738 0.0860225 0.0726138 0.0863387 0.0717637 0.0663372 0.0778409 0.0720308 0.0559591 0.0587823 0.0932897 0.0894766 0.0222664 0.0806983 0.0569387 0.0092511 0.1017920 0.0428622 0.0614374 0.0877659 0.0721598 
S0412sl       0.3891786 0.3612992 0.4161941 0.1200133 0.1109146 0.0687002 0.2437119 0.0588333 0.0923201 0.0959468 0.0721771 0.0676366 0.1391344 0.0951920 0.0538442 0.1027670 0.1030299 0.0940230 0.0889828 0.0971184 0.0839716 0.0866228 0.0543506 0.0645632 0.0625961 0.0682745 0.0921836 0.0000000 0.1057264 0.0877903 0.0543398 0.0894306 0.0726410 0.0447833 0.0551141 0.1098602 0.0614669 0.1039878 0.0671628 0.0631491 0.1110870 0.1207885 0.0929758 0.0777213 0.0583546 0.1083603 0.0831220 0.1476582 0.0590637 0.0940230 0.1040495 0.0626199 0.0449496 0.0981508 0.0580870 0.0874065 0.1044763 0.0776985 0.0880757 0.1280840 0.1132735 0.0982124 0.1038798 0.0769937 0.1112411 0.0797812 0.0583103 0.0587307 0.0503151 0.0544442 0.0790342 0.0818949 0.1525729 0.0784691 0.0962655 0.1080696 0.0589758 0.0587703 0.1315680 0.0874065 0.1905419 0.0815673 0.0592244 0.0682359 0.0958180 0.0880049 0.0871010 0.0626199 0.0539080 0.0772650 0.1058005 0.0832504 0.0843709 0.1170803 0.1168640 0.1249146 0.0834877 0.0929599 0.0675115 0.0902695 0.0676292 0.0890395 0.0674992 0.0555044 0.0599409 0.0675198 0.0559060 0.1156083 0.1000346 0.0900746 0.0877861 0.0637865 0.0777342 0.0876677 0.0867126 0.0832178 0.0497982 0.0724394 0.0633328 
S0417         0.7085898 0.4087200 0.4330145 0.1276989 0.1403801 0.1168212 0.2773659 0.1189331 0.0825087 0.0519958 0.1139164 0.1169684 0.0622150 0.1324555 0.0992192 0.1495169 0.0911827 0.1415287 0.1388648 0.0702058 0.1349881 0.1062853 0.1039441 0.1341514 0.0906065 0.1050958 0.0622371 0.1057264 0.0000000 0.0793316 0.0914698 0.1474306 0.0702821 0.0905276 0.1319772 0.1460735 0.1252072 0.0622034 0.1253697 0.1128280 0.0644005 0.0868649 0.0915502 0.1177215 0.0994737 0.1090160 0.1459370 0.1369959 0.1344374 0.1415287 0.1322565 0.1162903 0.0948756 0.0831423 0.1130176 0.0785445 0.0880354 0.1118813 0.0839333 0.0955449 0.1352453 0.1041145 0.0827199 0.1204797 0.0827499 0.1197704 0.1117523 0.0855315 0.1007266 0.1179534 0.1162835 0.1411773 0.1370694 0.1221316 0.1176312 0.1265992 0.0945107 0.1026893 0.1330114 0.0790462 0.1704716 0.0819032 0.0867139 0.1134666 0.1162154 0.1353377 0.1114370 0.1119902 0.1263684 0.1127174 0.0626906 0.0872329 0.1413262 0.0922371 0.0705994 0.1543425 0.1360826 0.1501140 0.1211835 0.1376593 0.0997558 0.1248136 0.1167544 0.1031365 0.1209342 0.0974620 0.0906678 0.0930842 0.1321969 0.1279392 0.0660947 0.1278516 0.0746466 0.0587079 0.1458061 0.0880050 0.1011658 0.1167062 0.1088415 
S0419         0.7144550 0.3705385 0.3799788 0.0880745 0.1072267 0.0699457 0.2223334 0.0620957 0.0092948 0.0590841 0.0694637 0.0611445 0.1094507 0.0772965 0.0579523 0.1062230 0.0895314 0.0900252 0.0862893 0.0765791 0.0945826 0.0638921 0.0577848 0.0726916 0.0577327 0.0544517 0.0611245 0.0877903 0.0793316 0.0000000 0.0537602 0.0944846 0.0572608 0.0497109 0.0996894 0.1014552 0.0774211 0.0617806 0.0726417 0.0503020 0.0940911 0.0743422 0.0655243 0.0812125 0.0581022 0.0658095 0.0988845 0.0906966 0.0775009 0.0900252 0.0850185 0.0608236 0.0534183 0.0093598 0.0576783 0.0061673 0.0126105 0.0644401 0.0547055 0.0783810 0.0964384 0.0579180 0.1147890 0.0688811 0.0902186 0.0707530 0.0681343 0.0533103 0.0542837 0.0767734 0.0835558 0.0761631 0.0902937 0.0780367 0.0913379 0.0918274 0.0536824 0.0528172 0.0870022 0.0062010 0.1303009 0.0481233 0.0391757 0.0616815 0.0867643 0.0858265 0.0679904 0.0571664 0.0689045 0.0575135 0.0698465 0.0469801 0.0998097 0.0964952 0.0869628 0.1127786 0.0902525 0.0895694 0.0647746 0.0864163 0.0658466 0.0705616 0.0535682 0.0517347 0.0585347 0.0535397 0.0486380 0.0695284 0.0731143 0.0737309 0.0772685 0.0773534 0.0092989 0.0502113 0.0800067 0.0546948 0.0581243 0.0572294 0.0613774 
S0427         0.5954974 0.3631189 0.4078356 0.0839651 0.0701499 0.0700723 0.2620528 0.0468911 0.0568566 0.0628873 0.0645678 0.0537052 0.1225220 0.0773652 0.0433719 0.0816084 0.0935589 0.0983988 0.0862129 0.0727675 0.0942646 0.0564979 0.0594007 0.0150976 0.0503347 0.0508060 0.0648478 0.0543398 0.0914698 0.0537602 0.0000000 0.0950427 0.0536620 0.0425808 0.0872985 0.1016773 0.0874489 0.0731388 0.0649383 0.0501815 0.0926397 0.0904846 0.0769662 0.0695993 0.0506551 0.0841180 0.1030190 0.1152053 0.0694344 0.0983988 0.0889747 0.0534272 0.0461937 0.0572735 0.0502916 0.0532613 0.0614967 0.0642901 0.0687149 0.0946869 0.0870765 0.0731365 0.1238845 0.0651258 0.0848453 0.0709401 0.0605945 0.0531910 0.0505282 0.0577902 0.0676807 0.0852611 0.1107592 0.0779606 0.0877535 0.0959691 0.0464243 0.0533742 0.1070928 0.0492854 0.1570580 0.0791179 0.0431226 0.0570075 0.0951318 0.0856093 0.0604625 0.0498468 0.0612700 0.0461902 0.0737064 0.0578958 0.1000282 0.1060088 0.0860097 0.1010856 0.0904617 0.0978906 0.0572665 0.0786475 0.0582184 0.0659548 0.0536196 0.0479346 0.0475935 0.0534109 0.0411673 0.0902216 0.0772186 0.0735391 0.0734060 0.0694653 0.0497174 0.0613590 0.0892372 0.0612402 0.0434979 0.0609059 0.0500403 
S0430         0.6061071 0.3942670 0.4312261 0.1080497 0.1053411 0.1018606 0.2818334 0.0773779 0.0979636 0.1017969 0.0910194 0.0944810 0.1741426 0.1117206 0.0912132 0.1228297 0.1342668 0.0261820 0.0588179 0.1192781 0.0327744 0.0934893 0.0841964 0.1025646 0.0908461 0.0914282 0.0936353 0.0894306 0.1474306 0.0944846 0.0950427 0.0000000 0.0853004 0.0693837 0.1084819 0.0644275 0.0303797 0.1123769 0.1073292 0.0905484 0.1308821 0.1084777 0.1063018 0.0998775 0.0871534 0.1041001 0.0258896 0.1259263 0.1034449 0.0261820 0.1260301 0.0896215 0.0734072 0.0987157 0.0907179 0.0938780 0.0951752 0.0949011 0.0915111 0.1304527 0.0626973 0.1029621 0.1633025 0.1033381 0.1277396 0.0438465 0.0806027 0.0942943 0.0785790 0.0987216 0.1074793 0.1002337 0.1391080 0.1051457 0.0595080 0.0801786 0.0788171 0.0865150 0.1219403 0.0944846 0.1692763 0.0847980 0.0870996 0.1130461 0.0629903 0.1177655 0.1195636 0.0898981 0.0739635 0.0995309 0.1112052 0.0900157 0.0161541 0.1563437 0.1278835 0.0753057 0.0031031 0.0093335 0.0984713 0.0627131 0.0954607 0.1133232 0.0939739 0.0883382 0.0707392 0.1029383 0.0778132 0.1142851 0.1200882 0.1078919 0.1163935 0.0829613 0.0818710 0.0977004 0.1044493 0.0987057 0.0833724 0.0816706 0.0948718 
S0478         0.6019818 0.3328102 0.3588961 0.0680521 0.0822307 0.0821174 0.2443890 0.0650403 0.0603502 0.0330487 0.0658188 0.0605469 0.0749935 0.0852538 0.0537351 0.0890722 0.0537660 0.0843871 0.0855372 0.0424905 0.0728404 0.0637668 0.0578147 0.0799873 0.0463949 0.0577059 0.0188737 0.0726410 0.0702821 0.0572608 0.0536620 0.0853004 0.0000000 0.0605933 0.0813029 0.0960155 0.0716291 0.0393673 0.0644496 0.0569949 0.0488301 0.0510034 0.0462121 0.0652781 0.0538732 0.0734513 0.0810706 0.0894439 0.0858398 0.0843871 0.0804469 0.0602324 0.0644344 0.0607928 0.0571162 0.0567277 0.0650790 0.0677538 0.0509536 0.0698625 0.0827122 0.0460140 0.0920662 0.0721230 0.0543109 0.0619222 0.0795837 0.0677910 0.0692669 0.0889198 0.0710030 0.0892634 0.0976435 0.0658276 0.0788096 0.0914593 0.0571810 0.0606386 0.0857479 0.0570672 0.1284580 0.0362797 0.0575017 0.0690426 0.0818116 0.0761872 0.0753446 0.0566140 0.0682204 0.0610441 0.0363321 0.0389483 0.0857519 0.0787627 0.0471383 0.1079765 0.0770155 0.0881415 0.0641388 0.0778094 0.0538626 0.0782004 0.0604496 0.0586410 0.0660324 0.0568465 0.0446355 0.0582439 0.0850922 0.0813493 0.0358614 0.0727360 0.0531585 0.0254916 0.0932792 0.0392466 0.0503020 0.0758950 0.0607752 
