94
CRNC          0.0000000 1.1830549 0.6628989 0.0000010 1.2235451 0.6173086 0.6701638 0.6056530 0.7955857 0.6023320 0.5973804 0.6413587 0.6422885 0.5391853 0.7385524 0.6058961 0.6392389 0.5911459 0.5466665 0.5302285 0.6941366 0.6578616 0.6202965 0.5617970 0.6283424 0.6774302 0.5467525 0.5297829 0.5962484 0.5832602 0.6203938 0.6016525 0.6155119 0.6163542 0.7526955 0.5703782 0.6365083 0.5582001 0.5489883 0.6106897 0.6339847 0.6069263 0.6339847 0.5916287 0.6288578 0.6717100 0.5546995 0.6158946 0.6432519 0.5983652 0.6348038 0.6449041 0.6342169 0.7250403 0.4930606 0.8903390 0.6578303 0.6491307 0.5613743 0.6423274 0.6321855 0.5291359 0.6075334 0.6418082 0.6319556 0.6684046 0.6602298 0.6295467 0.6025446 0.5650539 0.6006063 0.7077989 0.6612827 0.6153529 0.5397214 0.7721761 0.5371584 0.6599894 0.6131311 0.6074491 0.5971970 0.5923966 0.5666145 0.5534991 0.7493143 0.6657729 0.5718978 0.6445042 0.6173730 0.6103384 0.6037719 0.6038164 0.5834518 0.5786862 
HYZL          1.1830549 0.0000000 1.0852524 0.0000010 1.9843273 1.6351050 0.9025436 1.1830549 2.1180158 0.9025436 1.3958962 1.6351050 2.1180158 0.9025436 0.9025436 3.1558288 1.5476848 1.1830549 2.1180158 1.1830549 2.1180158 1.6351050 1.5476848 0.9025436 1.6351050 2.1180158 0.9025436 0.9025436 1.9843273 1.1830549 2.1180158 2.1180158 1.3956680 1.1830549 2.6879704 0.9025436 1.6351050 1.1830549 0.9025436 1.1830549 1.6351050 1.1830549 1.6351050 1.6351050 1.1830549 2.6879704 0.9025436 2.1180158 2.1180158 1.6351050 1.6351050 1.6351050 1.6351050 3.1558288 0.6344876 0.0000010 1.1830549 1.6351050 1.6351050 1.6351050 1.3956680 1.6101689 3.4597418 1.6351050 1.9843273 1.1830549 1.1830549 1.6351050 1.5476848 1.5476848 0.9025436 2.1180158 1.1937024 0.9025436 0.9025436 1.1830549 0.9025436 1.1830549 0.9025436 1.1830549 1.1830549 0.9025436 0.9025436 1.9843273 2.1180158 0.9025436 0.9025436 2.1180158 1.1830549 2.1180158 2.1180158 2.1180158 1.1830549 1.1830549 
ERR2789774    0.6628989 1.0852524 0.0000000 0.0000010 0.3862402 0.0778349 0.1256702 0.0327573 0.1653223 0.1250367 0.0334854 0.0912236 0.1157877 0.0998277 0.1663299 0.1295901 0.1221835 0.0332189 0.1033309 0.0422852 0.1239208 0.1189103 0.1304735 0.0996412 0.1550912 0.1061394 0.1106488 0.0996412 0.0773254 0.0464071 0.1063104 0.1057868 0.0924128 0.0338378 0.1106949 0.0987539 0.1541976 0.0964666 0.1067417 0.0275224 0.1110222 0.0389038 0.1110222 0.0963209 0.1707440 0.1082700 0.0802007 0.0997122 0.1011585 0.1401364 0.1292991 0.1607818 0.1456305 0.2074144 0.0996628 0.3973260 0.1859013 0.1647002 0.1037502 0.1185482 0.1119498 0.1443429 0.1007112 0.1470401 0.0390215 0.0494440 0.1493547 0.1020295 0.0996256 0.1009051 0.0929575 0.1231126 0.1296402 0.1215505 0.1000381 0.2209904 0.0870026 0.1474866 0.1250367 0.0274382 0.0388314 0.0586704 0.1245989 0.0589872 0.1258154 0.1482004 0.1098288 0.1149183 0.0337860 0.1303300 0.1881610 0.1125989 0.0389038 0.0572899 
PAFTOL_019361 0.0000010 0.0000010 0.0000010 0.0000000 2.6962849 0.0000010 0.0000010 0.0000010 0.0000010 0.0000010 0.0000010 0.0000010 0.0000010 0.0000010 0.0000010 0.0000010 2.1756456 0.0000010 0.0000010 0.0000010 0.0000010 0.0000010 0.0000010 0.0000010 0.0000010 0.0000010 0.0000010 0.0000010 0.0000010 0.0000010 0.0000010 2.1756456 0.0000010 0.0000010 0.0000010 0.0000010 0.0000010 0.8085877 0.0000010 0.0000010 0.0000010 0.0000010 0.0000010 0.0000010 0.0000010 0.0000010 0.0000010 0.0000010 0.0000010 0.0000010 0.0000010 0.0000010 0.0000010 0.0000010 0.0000010 0.0000010 0.0000010 0.0000010 0.0000010 2.1756456 0.0000010 0.0000010 0.0000010 0.0000010 0.0000010 0.0000010 0.0000010 0.0000010 0.0000010 0.0000010 0.0000010 0.0000010 0.0000010 0.0000010 0.0000010 0.0000010 0.0000010 0.0000010 0.0000010 0.0000010 0.0000010 2.6962849 0.0000010 0.0000010 0.0000010 0.0000010 0.0000010 0.0000010 0.0000010 0.0000010 0.0000010 0.0000010 0.0000010 0.0000010 
S0055         1.2235451 1.9843273 0.3862402 2.6962849 0.0000000 0.0696419 0.4618163 0.4209783 0.5628806 0.4826351 0.4160905 0.4548729 0.4861337 0.4327463 0.4783147 0.5316290 0.4616557 0.3960080 0.4881126 0.0460040 0.4652749 0.4128408 0.5058328 0.4307778 0.5157345 0.4452638 0.4791860 0.4307778 0.4072916 0.4382168 0.4655725 0.4512824 0.4158759 0.4211707 0.4293875 0.4261812 0.4909534 0.4216623 0.4455129 0.3723065 0.3957064 0.4219743 0.3957064 0.4465039 0.5470800 0.4943878 0.3914680 0.4830155 0.4915498 0.4507997 0.4133636 0.5431607 0.4940149 0.5626667 0.5243924 2.4392035 0.4865466 0.5424701 0.4557752 0.4429694 0.4533285 0.5027880 0.4432419 0.4909534 0.4012972 0.2593128 0.3375523 0.4884917 0.5190997 0.5149180 0.4446883 0.5418018 0.4042451 0.3915627 0.4335345 0.0553778 0.4037751 0.4883867 0.4658036 0.3974771 0.3935348 0.4096912 0.4676495 0.3424093 0.4519445 0.5329349 0.4614682 0.4921264 0.3767560 0.5007083 0.6050878 0.4927220 0.4061213 0.4121523 
S0196sl       0.6173086 1.6351050 0.0778349 0.0000010 0.0696419 0.0000000 0.0956234 0.0663962 0.1666035 0.0886479 0.0468717 0.0668759 0.1598968 0.0886376 0.1328242 0.1309329 0.1027615 0.0567544 0.1035367 0.0435803 0.1351908 0.0086678 0.1265182 0.0884963 0.1313154 0.1021281 0.1305288 0.0884963 0.0575295 0.0818513 0.1168412 0.1417942 0.0810828 0.0673246 0.0501763 0.1099782 0.1263595 0.0658075 0.0994970 0.0567293 0.0000010 0.0767844 0.0000010 0.0085923 0.1553287 0.0607688 0.0884963 0.1313603 0.1072777 0.1324151 0.1044376 0.1872636 0.1324151 0.1294960 0.0580099 0.0000010 0.1165428 0.1550187 0.0086478 0.0712103 0.0689851 0.1713191 0.0914577 0.1263595 0.0668685 0.0687290 0.1261372 0.1183159 0.1442674 0.1465263 0.0884963 0.1342142 0.1238890 0.0884963 0.0890537 0.0774307 0.0994970 0.0911546 0.0781386 0.0564197 0.0564197 0.0906980 0.0880869 0.0567193 0.1496965 0.1009966 0.0662425 0.1325283 0.0687290 0.1335937 0.1561264 0.1417942 0.0666125 0.0666125 
S0281         0.6701638 0.9025436 0.1256702 0.0000010 0.4618163 0.0956234 0.0000000 0.0991681 0.1238980 0.1188305 0.0796258 0.1579555 0.1042449 0.1088587 0.1658583 0.1294039 0.1272816 0.0928600 0.1050062 0.0609005 0.1459761 0.1058864 0.1426231 0.1147420 0.1497545 0.1240962 0.1289389 0.1147420 0.0972510 0.1104830 0.1273385 0.1622445 0.1101616 0.0948325 0.0708152 0.1287609 0.1903302 0.1315202 0.1221311 0.0857053 0.0982353 0.0993798 0.0982353 0.0903619 0.1513940 0.0621075 0.1094741 0.1568527 0.1305883 0.1353336 0.1486084 0.1481900 0.1406869 0.1290043 0.0996131 0.4525647 0.1539468 0.2001824 0.0977012 0.1213754 0.1124976 0.1889139 0.1560456 0.1826660 0.1077077 0.0823021 0.1487031 0.1329884 0.1412218 0.1431726 0.1228748 0.1450505 0.1548423 0.1303225 0.1152122 0.2680492 0.1167535 0.1016242 0.1188305 0.0858858 0.0915941 0.0938134 0.0970025 0.1117710 0.1507531 0.1272493 0.0962778 0.1458133 0.0777964 0.1180548 0.1119895 0.1542606 0.0853087 0.1132765 
S0282         0.6056530 1.1830549 0.0327573 0.0000010 0.4209783 0.0663962 0.0991681 0.0000000 0.1279769 0.1063755 0.0156736 0.0882841 0.0838888 0.0631066 0.1285696 0.0965144 0.1108242 0.0155561 0.0802667 0.0278803 0.1054811 0.1077882 0.1107578 0.0630124 0.1112349 0.0814489 0.0921076 0.0630124 0.0555471 0.0271054 0.0886408 0.0896556 0.0689238 0.0104929 0.1079248 0.0624955 0.1429028 0.0793338 0.0692643 0.0209031 0.1003895 0.0208196 0.1003895 0.0798018 0.1418942 0.0902661 0.0453968 0.0767410 0.0835797 0.0978669 0.0963923 0.1107005 0.1032332 0.1894303 0.0818474 0.3612552 0.1471039 0.1512750 0.0866140 0.0923684 0.0869578 0.1039434 0.0840874 0.1360418 0.0156899 0.0349231 0.1175492 0.0940624 0.0766866 0.0776140 0.0570060 0.1176620 0.0964137 0.0892635 0.0632405 0.1862640 0.0514357 0.1261669 0.1063755 0.0102837 0.0207839 0.0568589 0.0987468 0.0502364 0.1086772 0.1141194 0.0854225 0.0832643 0.0158085 0.1106455 0.1528538 0.0888687 0.0208196 0.0375001 
S0289         0.7955857 2.1180158 0.1653223 0.0000010 0.5628806 0.1666035 0.1238980 0.1279769 0.0000000 0.1102702 0.1372280 0.1650718 0.0543379 0.1626560 0.2372037 0.0676099 0.1300547 0.1360183 0.0453719 0.0827454 0.0625283 0.1347152 0.1442230 0.1686002 0.1252504 0.0932923 0.1766358 0.1686002 0.1150053 0.1474227 0.0488552 0.0802190 0.0900122 0.1317650 0.1583682 0.1670259 0.1298367 0.0892860 0.1768961 0.1436009 0.1264060 0.1429092 0.1264060 0.1035059 0.1280315 0.1365819 0.1470975 0.0881528 0.0805778 0.1119960 0.1109097 0.1395680 0.1173595 0.2242214 0.2055120 0.3785163 0.2010967 0.1380098 0.1111086 0.0986368 0.1118040 0.2134781 0.1922440 0.1230404 0.1403746 0.1468208 0.0893329 0.0496075 0.0880866 0.0891487 0.1611226 0.0609346 0.1956963 0.2038215 0.1614228 0.3140666 0.1548765 0.1392602 0.1102702 0.1283711 0.1341692 0.1792957 0.1098991 0.1313718 0.0512381 0.1418006 0.0957059 0.0679286 0.1269918 0.0602363 0.2113059 0.0739712 0.1429092 0.1291672 
S0292         0.6023320 0.9025436 0.1250367 0.0000010 0.4826351 0.0886479 0.1188305 0.1063755 0.1102702 0.0000000 0.1006193 0.1173018 0.1170727 0.1216423 0.1979516 0.1015757 0.1157026 0.1135943 0.0855949 0.0757930 0.0970165 0.0931633 0.1294624 0.1214024 0.1155081 0.0877104 0.1634302 0.1214024 0.1003319 0.1234948 0.0808996 0.1079659 0.0744234 0.1092840 0.1510176 0.1348237 0.0906518 0.0604801 0.1285038 0.1070708 0.0861549 0.1199365 0.0861549 0.0665653 0.1150851 0.1230371 0.1164410 0.1092567 0.1030418 0.1023095 0.0866207 0.1287444 0.1075604 0.2546853 0.1453613 0.3731375 0.1563679 0.0795424 0.0609962 0.0830777 0.0612309 0.1792995 0.1351258 0.0845744 0.1283299 0.1407787 0.0860720 0.0933948 0.0957856 0.0969651 0.1292394 0.1155230 0.1598162 0.1514571 0.1149841 0.2520474 0.1234201 0.1163622 0.0099695 0.1066872 0.1121292 0.1258257 0.0371848 0.1146073 0.0848405 0.0487182 0.0154291 0.1162320 0.1155453 0.0956114 0.2134072 0.0939042 0.1199365 0.0934305 
S0293         0.5973804 1.3958962 0.0334854 0.0000010 0.4160905 0.0468717 0.0796258 0.0156736 0.1372280 0.1006193 0.0000000 0.0825183 0.0917438 0.0574445 0.1306844 0.0906150 0.1048423 0.0104265 0.0950923 0.0282571 0.1140370 0.1019478 0.1047803 0.0573606 0.1198762 0.0890293 0.0728313 0.0573606 0.0384164 0.0218119 0.0964824 0.1112607 0.0761701 0.0106071 0.0878109 0.0695396 0.1521619 0.0866847 0.0635762 0.0157637 0.0946205 0.0157004 0.0946205 0.0742020 0.1514750 0.0779454 0.0521027 0.0976666 0.0914110 0.1061627 0.1045248 0.1336284 0.1115733 0.1658083 0.0824690 0.3903448 0.1567272 0.1608308 0.0809509 0.1006036 0.0946176 0.1134743 0.0782048 0.1451327 0.0213221 0.0292849 0.1421302 0.1096349 0.0975848 0.0988074 0.0639706 0.1123186 0.1045709 0.0834303 0.0575676 0.1799376 0.0583075 0.1060186 0.1006193 0.0051689 0.0156736 0.0512367 0.0803950 0.0569292 0.1175748 0.1082739 0.0798382 0.0910580 0.0105965 0.1192174 0.1305330 0.1102346 0.0157004 0.0436905 
S0294         0.6413587 1.6351050 0.0912236 0.0000010 0.4548729 0.0668759 0.1579555 0.0882841 0.1650718 0.1173018 0.0825183 0.0000000 0.1321843 0.1233384 0.2009676 0.1306138 0.1398349 0.0952828 0.1145995 0.0743499 0.1262622 0.1154380 0.1397447 0.1230904 0.1491882 0.1156106 0.1497210 0.1230904 0.1021416 0.1123239 0.1081272 0.1312519 0.1242645 0.0906853 0.1453772 0.1367076 0.1386396 0.1068384 0.1157152 0.0888610 0.1078104 0.1015637 0.1078104 0.0737190 0.1695858 0.1323951 0.1101746 0.1094356 0.1176103 0.1348251 0.1296919 0.1635875 0.1401631 0.2177716 0.1373502 0.5833694 0.2120927 0.1551376 0.0936578 0.1192727 0.1213431 0.1747545 0.0938116 0.1319530 0.1020440 0.1202203 0.1627908 0.1155590 0.1093371 0.1107109 0.1310562 0.1386602 0.1784497 0.1536289 0.1235792 0.2467437 0.1171201 0.1809443 0.1042403 0.0885476 0.0939600 0.1206742 0.1329376 0.0887854 0.1217109 0.1388797 0.1052361 0.1312377 0.0969401 0.1313305 0.2061065 0.1220492 0.1015637 0.0888426 
S0299         0.6422885 2.1180158 0.1157877 0.0000010 0.4861337 0.1598968 0.1042449 0.0838888 0.0543379 0.1170727 0.0917438 0.1321843 0.0000000 0.1284904 0.2060740 0.0431032 0.0805265 0.0909639 0.0330807 0.0633519 0.0498136 0.1335137 0.1062702 0.1342993 0.1167454 0.0919072 0.1418048 0.1342993 0.0929648 0.1003229 0.0370237 0.0668934 0.0749869 0.0862111 0.1443416 0.1330857 0.1287200 0.0885268 0.1418797 0.0977964 0.1252929 0.0973461 0.1252929 0.1026163 0.1475547 0.1167138 0.1140996 0.0617849 0.0432378 0.1033616 0.1018047 0.1301751 0.1086728 0.2003892 0.1585415 0.3663286 0.1726622 0.1368082 0.1101451 0.0903534 0.1108297 0.1713499 0.1414673 0.1219841 0.0956777 0.1046818 0.1496108 0.0489116 0.0617492 0.0624576 0.1273112 0.0728226 0.1754209 0.1664331 0.1275284 0.2807475 0.1212952 0.1426060 0.1170727 0.0841450 0.0897447 0.1208870 0.1089569 0.0873537 0.0637233 0.1405362 0.0948937 0.0433044 0.0762547 0.0489346 0.1875320 0.0609584 0.0973461 0.0918934 
S0303         0.5391853 0.9025436 0.0998277 0.0000010 0.4327463 0.0886376 0.1088587 0.0631066 0.1626560 0.1216423 0.0574445 0.1233384 0.1284904 0.0000000 0.0913661 0.1269343 0.1268525 0.0628633 0.1319430 0.0427253 0.1530821 0.1527819 0.1111823 0.0211618 0.1578125 0.1235939 0.0511978 0.0211618 0.0827188 0.0778437 0.1329375 0.1406304 0.1098151 0.0647734 0.1556368 0.0320821 0.1820998 0.1202908 0.0156231 0.0631718 0.1442926 0.0757223 0.1442926 0.1209735 0.1761332 0.1491150 0.0397700 0.1181021 0.1280773 0.1330756 0.1264409 0.1724564 0.1485397 0.2236185 0.0741710 0.5084262 0.1830707 0.1914470 0.1287461 0.1376434 0.1292722 0.0896208 0.1050409 0.1747640 0.0831220 0.0988606 0.1503714 0.1325380 0.1120389 0.1134748 0.0380424 0.1507387 0.0746193 0.0439147 0.0212306 0.2331138 0.0457809 0.1518242 0.1216423 0.0632959 0.0619924 0.0658870 0.1135559 0.0889263 0.1581224 0.1298831 0.0995776 0.1133062 0.0708680 0.1506679 0.1836689 0.1392684 0.0757223 0.0697837 
S0308         0.7385524 0.9025436 0.1663299 0.0000010 0.4783147 0.1328242 0.1658583 0.1285696 0.2372037 0.1979516 0.1306844 0.2009676 0.2060740 0.0913661 0.0000000 0.2038061 0.2069052 0.1282582 0.1928365 0.0438117 0.1967973 0.1821866 0.2000767 0.0775258 0.2234354 0.1916224 0.1152657 0.0775258 0.1614162 0.1481605 0.2001332 0.2143182 0.1848486 0.1324009 0.1757667 0.0831875 0.2599392 0.1769504 0.0980908 0.1286847 0.1727848 0.1436112 0.1727848 0.1966855 0.2449186 0.2212064 0.1019415 0.1790682 0.2159030 0.1957184 0.1963380 0.2400967 0.2121729 0.2631078 0.0995646 0.5725217 0.2297312 0.2715231 0.2064945 0.2112750 0.1805149 0.1824919 0.1727022 0.2515008 0.1531740 0.0993858 0.1803780 0.1995288 0.1724201 0.1668533 0.0775199 0.2325581 0.0759375 0.0509745 0.0778201 0.2903399 0.1091190 0.2015498 0.1979516 0.1289679 0.1264084 0.1594348 0.1876701 0.1434879 0.2069234 0.1879375 0.1705601 0.1880287 0.1391715 0.2216059 0.2564846 0.2120295 0.1436112 0.1190544 
S0320         0.6058961 3.1558288 0.1295901 0.0000010 0.5316290 0.1309329 0.1294039 0.0965144 0.0676099 0.1015757 0.0906150 0.1306138 0.0431032 0.1269343 0.2038061 0.0000000 0.1090500 0.1037880 0.0387312 0.0443453 0.0492155 0.1170523 0.1227225 0.1326957 0.1173862 0.1138784 0.1401238 0.1326957 0.1011823 0.1136215 0.0365889 0.0727130 0.0969950 0.0992113 0.1735648 0.1467640 0.1272249 0.0874674 0.1401909 0.1107634 0.1092914 0.1102522 0.1092914 0.0877872 0.1544675 0.1426460 0.1276332 0.0734894 0.0543827 0.1039377 0.1183015 0.1308785 0.1092682 0.2350842 0.1651620 0.3612041 0.1937632 0.1352163 0.0949074 0.1065503 0.1095006 0.1762778 0.1397894 0.1205583 0.1083614 0.1393683 0.1607879 0.0545313 0.0734410 0.0742924 0.1336438 0.0845560 0.1733522 0.1644683 0.1259916 0.2768503 0.1349723 0.1338471 0.1015757 0.0968071 0.1024052 0.1390836 0.0939284 0.1083064 0.0629412 0.1093377 0.0805376 0.0315173 0.1056271 0.0607808 0.2055953 0.0602397 0.1102522 0.1048531 
S0376         0.6392389 1.5476848 0.1221835 2.1756456 0.4616557 0.1027615 0.1272816 0.1108242 0.1300547 0.1157026 0.1048423 0.1398349 0.0805265 0.1268525 0.2069052 0.1090500 0.0000000 0.1183898 0.0980943 0.0819423 0.1252163 0.1381933 0.0537748 0.1265872 0.1312458 0.0908639 0.1616444 0.1265872 0.0733880 0.1372352 0.1072753 0.1046732 0.0871177 0.1139827 0.1504562 0.1406059 0.1671590 0.1010357 0.1340289 0.1176007 0.1299871 0.1250011 0.1299871 0.1073777 0.1481138 0.1292836 0.1214677 0.1288420 0.1159735 0.1175107 0.1303099 0.1450211 0.1228033 0.2444624 0.1601421 0.4416791 0.1644138 0.1762249 0.1148914 0.1037656 0.1232906 0.1794601 0.1478719 0.1599326 0.1228388 0.1270185 0.1541893 0.1229073 0.1149215 0.1163621 0.1196938 0.1375127 0.1837700 0.1581188 0.1271048 0.2965867 0.1287705 0.1369164 0.1157026 0.1111605 0.1168085 0.1081396 0.1153100 0.0931298 0.1281192 0.1319529 0.0937894 0.1241133 0.1024499 0.1153848 0.2251031 0.1269753 0.1250011 0.1107961 
S0405         0.5911459 1.1830549 0.0332189 0.0000010 0.3960080 0.0567544 0.0928600 0.0155561 0.1360183 0.1135943 0.0104265 0.0952828 0.0909639 0.0628633 0.1282582 0.1037880 0.1183898 0.0000000 0.0942565 0.0281225 0.1130461 0.1151338 0.1183170 0.0627698 0.1188418 0.0882932 0.0784769 0.0566569 0.0499100 0.0106735 0.0956749 0.1103149 0.0755445 0.0105267 0.1083651 0.0622554 0.1365868 0.0859855 0.0627985 0.0156453 0.1075487 0.0155821 0.1075487 0.0864895 0.1501436 0.0974446 0.0516760 0.0836325 0.0906354 0.0985524 0.1036384 0.1324732 0.1106219 0.1821156 0.0973737 0.4173784 0.1553621 0.1448664 0.0934658 0.0997293 0.0938398 0.1047655 0.0911729 0.1297530 0.0211600 0.0290404 0.1408321 0.1087150 0.0967609 0.0979631 0.0567817 0.1113554 0.0960762 0.0889442 0.0629960 0.1591720 0.0516760 0.1197439 0.1135943 0.0051306 0.0051161 0.0632856 0.0928234 0.0564710 0.1165224 0.1215537 0.0921634 0.0902884 0.0105170 0.1181947 0.1458240 0.1093063 0.0155821 0.0433513 
S0407sl       0.5466665 2.1180158 0.1033309 0.0000010 0.4881126 0.1035367 0.1050062 0.0802667 0.0453719 0.0855949 0.0950923 0.1145995 0.0330807 0.1319430 0.1928365 0.0387312 0.0980943 0.0942565 0.0000000 0.0295604 0.0275375 0.0870347 0.1047268 0.1393614 0.1016252 0.0770453 0.1456378 0.1393614 0.0983556 0.1040635 0.0159077 0.0272227 0.0732777 0.0893890 0.1382893 0.1380589 0.0836469 0.0584889 0.1472709 0.0945325 0.0796434 0.1008739 0.0796434 0.0590197 0.1253472 0.1032767 0.1183820 0.0390528 0.0450057 0.0879448 0.0865899 0.0940468 0.0935456 0.1964270 0.1653629 0.3612041 0.1514514 0.0908928 0.0590836 0.0741984 0.0662612 0.1790233 0.1394548 0.0772723 0.0924194 0.1115331 0.1100230 0.0159759 0.0390342 0.0394765 0.1320961 0.0630469 0.1650292 0.1729351 0.1323312 0.2574633 0.1258705 0.1407144 0.0855949 0.0871694 0.0929535 0.1198382 0.0774889 0.0857516 0.0406924 0.0986948 0.0646962 0.0389180 0.0881473 0.0163724 0.1828695 0.0270200 0.0938813 0.0801127 
S0412sl       0.5302285 1.1830549 0.0422852 0.0000010 0.0460040 0.0435803 0.0609005 0.0278803 0.0827454 0.0757930 0.0282571 0.0743499 0.0633519 0.0427253 0.0438117 0.0443453 0.0819423 0.0281225 0.0295604 0.0000000 0.0462356 0.0601879 0.0819423 0.0580257 0.1332859 0.1169819 0.0589657 0.0580257 0.0615784 0.0446962 0.0289202 0.0609295 0.0466170 0.0432664 0.0786799 0.0577405 0.0725842 0.0000010 0.0738729 0.0136402 0.0435803 0.0575872 0.0435803 0.0592073 0.1794658 0.0786799 0.0427253 0.0457519 0.0445666 0.1318677 0.0937855 0.1574978 0.1349856 0.1192620 0.0291991 0.0000010 0.1125605 0.1094569 0.0435803 0.0618903 0.0444786 0.1436112 0.0792389 0.0725842 0.0439203 0.0446962 0.0616745 0.0274653 0.0624004 0.0637871 0.0427253 0.0808098 0.0920810 0.0580257 0.0580257 0.0582902 0.0580257 0.0577405 0.0598328 0.0278803 0.0278803 0.0604200 0.0581810 0.0441911 0.1008480 0.0581810 0.0427253 0.0291484 0.0446962 0.0462356 0.1192620 0.0609295 0.0278803 0.0136402 
S0417         0.6941366 2.1180158 0.1239208 0.0000010 0.4652749 0.1351908 0.1459761 0.1054811 0.0625283 0.0970165 0.1140370 0.1262622 0.0498136 0.1530821 0.1967973 0.0492155 0.1252163 0.1130461 0.0275375 0.0462356 0.0000000 0.0907925 0.1395018 0.1589727 0.1290697 0.0954896 0.1506586 0.1589727 0.1247423 0.1234303 0.0208119 0.0556795 0.0923084 0.1085098 0.1508950 0.1575046 0.0952525 0.0696567 0.1670400 0.1062040 0.0835447 0.1196984 0.0835447 0.0831266 0.1618340 0.1457290 0.1378983 0.0562761 0.0496163 0.1149342 0.1131097 0.1356057 0.1204080 0.2282798 0.1574162 0.3044622 0.1790838 0.1026503 0.0902804 0.0943825 0.0772595 0.2144058 0.1512550 0.0888381 0.1176057 0.1162736 0.1299695 0.0379971 0.0562441 0.0508344 0.1516535 0.0673630 0.1593136 0.1669174 0.1519287 0.2691346 0.1454908 0.1430367 0.0970165 0.1058047 0.1115160 0.1509846 0.1025954 0.1038062 0.0451894 0.1337635 0.0758633 0.0494468 0.1150854 0.0439995 0.2456666 0.0436139 0.1196984 0.0926668 
S0419         0.6578616 1.6351050 0.1189103 0.0000010 0.4128408 0.0086678 0.1058864 0.1077882 0.1347152 0.0931633 0.1019478 0.1154380 0.1335137 0.1527819 0.1821866 0.1170523 0.1381933 0.1151338 0.0870347 0.0601879 0.0907925 0.0000000 0.1685872 0.1524321 0.1257890 0.1008947 0.1739707 0.1524321 0.1081071 0.1333700 0.0952074 0.1236873 0.1023033 0.1107816 0.0649580 0.1667307 0.1294444 0.0921463 0.1601428 0.1085033 0.0049979 0.1215779 0.0049979 0.0315205 0.1454882 0.0971840 0.1475237 0.1251969 0.1187929 0.1120231 0.1248968 0.1395972 0.1173882 0.1653297 0.1281696 0.2417638 0.1183664 0.1375939 0.0372325 0.0920013 0.0619495 0.2116437 0.1557459 0.1226641 0.1221808 0.0948973 0.1015502 0.1024358 0.1250705 0.1194708 0.1610388 0.1400504 0.1453203 0.1372248 0.1530634 0.2301622 0.1550199 0.1171638 0.0931633 0.1081083 0.1136283 0.1338370 0.0985550 0.1009614 0.1080887 0.1139316 0.0729145 0.1325522 0.1171393 0.1039053 0.2099733 0.1088303 0.1215779 0.1085103 
S0427         0.6202965 1.5476848 0.1304735 0.0000010 0.5058328 0.1265182 0.1426231 0.1107578 0.1442230 0.1294624 0.1047803 0.1397447 0.1062702 0.1111823 0.2000767 0.1227225 0.0537748 0.1183170 0.1047268 0.0819423 0.1395018 0.1685872 0.0000000 0.1265072 0.1526288 0.1171139 0.1615347 0.1265072 0.0857531 0.1204628 0.1207160 0.1339376 0.0999743 0.1139121 0.1503559 0.1405151 0.1822194 0.1143399 0.1180757 0.1175289 0.1596900 0.1109921 0.1596900 0.1353713 0.1703196 0.1442202 0.1132363 0.1280112 0.1298306 0.1384719 0.1514792 0.1668272 0.1436938 0.2330651 0.1410693 0.4861820 0.1845178 0.1916150 0.1434955 0.1242451 0.1525997 0.1791568 0.1182424 0.1748495 0.1227638 0.1346350 0.1971618 0.1369487 0.1141942 0.1156158 0.1347322 0.1519059 0.1836463 0.1580133 0.1198193 0.3324547 0.1203879 0.1682391 0.1156333 0.1110937 0.1167378 0.1182075 0.1290036 0.0996959 0.1515852 0.1559268 0.1068220 0.1233061 0.1023911 0.1291678 0.2141512 0.1408044 0.1249233 0.1246638 
S0430         0.5617970 0.9025436 0.0996412 0.0000010 0.4307778 0.0884963 0.1147420 0.0630124 0.1686002 0.1214024 0.0573606 0.1230904 0.1342993 0.0211618 0.0775258 0.1326957 0.1265872 0.0627698 0.1393614 0.0580257 0.1589727 0.1524321 0.1265072 0.0000000 0.1574346 0.1233449 0.0508611 0.0103788 0.0825814 0.0777153 0.1386509 0.1550208 0.1096071 0.0646743 0.1552560 0.0209791 0.1816363 0.1200571 0.0266109 0.0630774 0.1439759 0.0756027 0.1439759 0.1207370 0.1756763 0.1487724 0.0397165 0.1319609 0.1338808 0.1327912 0.1261779 0.1720207 0.1482002 0.2228801 0.0664834 0.5391230 0.1949164 0.1909393 0.1284838 0.1373358 0.1290075 0.1047397 0.0907987 0.1743303 0.0829832 0.0909356 0.1414000 0.1382379 0.1258415 0.1274714 0.0266481 0.1565618 0.0618660 0.0211309 0.0000029 0.2329005 0.0457174 0.1576789 0.1214024 0.0632011 0.0619018 0.0787987 0.1133419 0.0755290 0.1475828 0.1296147 0.0994029 0.1190820 0.0707558 0.1564768 0.1831432 0.1534967 0.0756027 0.0693008 
S0552sl       0.6283424 1.6351050 0.1550912 0.0000010 0.5157345 0.1313154 0.1497545 0.1112349 0.1252504 0.1155081 0.1198762 0.1491882 0.1167454 0.1578125 0.2234354 0.1173862 0.1312458 0.1188418 0.1016252 0.1332859 0.1290697 0.1257890 0.1526288 0.1574346 0.0000000 0.0874243 0.1956965 0.1574346 0.1015576 0.1183662 0.0968702 0.1177434 0.0810485 0.1144200 0.1688866 0.1559917 0.1247398 0.0873537 0.1566855 0.1260806 0.1177626 0.1254874 0.1177626 0.0884324 0.0660866 0.1239944 0.1365470 0.1420518 0.1272810 0.0101809 0.0676830 0.0364681 0.0049737 0.2148939 0.1987481 0.4100902 0.1232402 0.1329057 0.1029325 0.0508099 0.1027648 0.1745455 0.1842891 0.1179088 0.1261318 0.1267068 0.1289991 0.1101316 0.1418919 0.1437844 0.1501816 0.1411073 0.1742620 0.1913180 0.1477752 0.2801858 0.1440673 0.1290441 0.1155081 0.1115738 0.1172474 0.1571753 0.1075116 0.1166316 0.1326139 0.1316858 0.0936407 0.1349349 0.1028119 0.1188607 0.1788964 0.1246837 0.1254874 0.1113487 
S0558         0.6774302 2.1180158 0.1061394 0.0000010 0.4452638 0.1021281 0.1240962 0.0814489 0.0932923 0.0877104 0.0890293 0.1156106 0.0919072 0.1235939 0.1916224 0.1138784 0.0908639 0.0882932 0.0770453 0.1169819 0.0954896 0.1008947 0.1171139 0.1233449 0.0874243 0.0000000 0.1661562 0.1233449 0.0658625 0.1048319 0.0796683 0.0861923 0.0613575 0.0766396 0.1329164 0.1222645 0.1151047 0.0671718 0.1305690 0.0819755 0.0936424 0.0944860 0.0936424 0.0734301 0.1082212 0.1068670 0.1039202 0.0938481 0.0878203 0.0813410 0.0933508 0.0993323 0.0865703 0.2304521 0.1481074 0.3684270 0.1614163 0.1228904 0.0801092 0.0697956 0.0688174 0.1650180 0.1379733 0.1085132 0.0929094 0.1014677 0.0931201 0.0938174 0.0937745 0.0949051 0.1166376 0.1005951 0.1624445 0.1539292 0.1238354 0.2684263 0.1108035 0.1270512 0.0877104 0.0816912 0.0871411 0.1170723 0.0931336 0.0730914 0.0914413 0.1083318 0.0676192 0.1144134 0.0808696 0.0869775 0.1846921 0.0924696 0.0944860 0.0689397 
S0616         0.5467525 0.9025436 0.1106488 0.0000010 0.4791860 0.1305288 0.1289389 0.0921076 0.1766358 0.1634302 0.0728313 0.1497210 0.1418048 0.0511978 0.1152657 0.1401238 0.1616444 0.0784769 0.1456378 0.0589657 0.1506586 0.1739707 0.1615347 0.0508611 0.1956965 0.1661562 0.0000000 0.0508611 0.1066740 0.0950206 0.1460771 0.1539110 0.1509271 0.0876677 0.1618714 0.0628106 0.2078369 0.1615488 0.0696239 0.0788568 0.1647844 0.0923020 0.1647844 0.1552348 0.2262109 0.1715628 0.0733896 0.1310408 0.1413762 0.1683475 0.1701685 0.1999454 0.1852608 0.2102391 0.0833435 0.5005593 0.2289068 0.2178286 0.1639884 0.1837209 0.1558969 0.1350192 0.1234410 0.2001971 0.1004130 0.0948059 0.1644683 0.1456439 0.1249657 0.1194016 0.0572930 0.1492989 0.0690559 0.0633633 0.0510415 0.2811788 0.0800843 0.1826437 0.1634302 0.0790210 0.0773510 0.0964058 0.1395150 0.1058764 0.1835390 0.1730427 0.1383803 0.1347221 0.0874166 0.1756776 0.2053522 0.1524094 0.0923020 0.0921061 
S0620         0.5297829 0.9025436 0.0996412 0.0000010 0.4307778 0.0884963 0.1147420 0.0630124 0.1686002 0.1214024 0.0573606 0.1230904 0.1342993 0.0211618 0.0775258 0.1326957 0.1265872 0.0566569 0.1393614 0.0580257 0.1589727 0.1524321 0.1265072 0.0103788 0.1574346 0.1233449 0.0508611 0.0000000 0.0825814 0.0777153 0.1386509 0.1550208 0.1096071 0.0646743 0.1552560 0.0209791 0.1816363 0.1200571 0.0156776 0.0630774 0.1439759 0.0756027 0.1439759 0.1207370 0.1756763 0.1487724 0.0397165 0.1319609 0.1338808 0.1327912 0.1261779 0.1720207 0.1482002 0.2228801 0.0664834 0.5391230 0.1949164 0.1909393 0.1284838 0.1373358 0.1290075 0.1047397 0.0907987 0.1743303 0.0829832 0.0909356 0.1414000 0.1382379 0.1258415 0.1274714 0.0266481 0.1565618 0.0618660 0.0322867 0.0104119 0.2329005 0.0336537 0.1576789 0.1214024 0.0632011 0.0619018 0.0787987 0.1133419 0.0755290 0.1641925 0.1296147 0.0994029 0.1190820 0.0707558 0.1564768 0.1831432 0.1534967 0.0756027 0.0693008 
S0641         0.5962484 1.9843273 0.0773254 0.0000010 0.4072916 0.0575295 0.0972510 0.0555471 0.1150053 0.1003319 0.0384164 0.1021416 0.0929648 0.0827188 0.1614162 0.1011823 0.0733880 0.0499100 0.0983556 0.0615784 0.1247423 0.1081071 0.0857531 0.0825814 0.1015576 0.0658625 0.1066740 0.0825814 0.0000000 0.0638551 0.1069389 0.1140292 0.0676497 0.0508465 0.0980953 0.0953263 0.1434181 0.0864356 0.0891743 0.0558901 0.1006706 0.0556522 0.1006706 0.0799922 0.1309565 0.0943296 0.0774087 0.1082162 0.1020539 0.0886780 0.1009101 0.1144895 0.0939481 0.1597199 0.1141980 0.4143077 0.1443059 0.1518478 0.0868327 0.0832947 0.0943438 0.1304283 0.0895448 0.1365161 0.0490501 0.0663405 0.1226530 0.1148888 0.1081209 0.1094594 0.0897143 0.1091716 0.1329255 0.1103638 0.0828920 0.2249528 0.0839573 0.0920161 0.1003319 0.0439833 0.0438558 0.0876633 0.0801626 0.0493172 0.1285732 0.1079644 0.0796084 0.1016633 0.0435588 0.1150800 0.1344490 0.1206418 0.0556522 0.0619107 
S0643         0.5832602 1.1830549 0.0464071 0.0000010 0.4382168 0.0818513 0.1104830 0.0271054 0.1474227 0.1234948 0.0218119 0.1123239 0.1003229 0.0778437 0.1481605 0.1136215 0.1372352 0.0106735 0.1040635 0.0446962 0.1234303 0.1333700 0.1204628 0.0777153 0.1183662 0.1048319 0.0950206 0.0777153 0.0638551 0.0000000 0.1050515 0.1203692 0.0840438 0.0220328 0.1272510 0.0770490 0.1475421 0.0946909 0.0843554 0.0272678 0.1251902 0.0213813 0.1251902 0.1026061 0.1495121 0.1149777 0.0661940 0.0926253 0.0999644 0.0981669 0.1032368 0.1319353 0.1101881 0.2070129 0.1175196 0.4173784 0.1547120 0.1562326 0.1101074 0.0993345 0.1105616 0.1253130 0.0927948 0.1404583 0.0332016 0.0427095 0.1622381 0.1185774 0.1062596 0.1076233 0.0713864 0.1215395 0.1133618 0.1056884 0.0702715 0.1859221 0.0727295 0.1388923 0.1234948 0.0160918 0.0160447 0.0783716 0.1018373 0.0709685 0.1273632 0.1401106 0.1010821 0.0995680 0.0220063 0.1286299 0.1680769 0.1192271 0.0271542 0.0566963 
S0645sl       0.6203938 2.1180158 0.1063104 0.0000010 0.4655725 0.1168412 0.1273385 0.0886408 0.0488552 0.0808996 0.0964824 0.1081272 0.0370237 0.1329375 0.2001332 0.0365889 0.1072753 0.0956749 0.0159077 0.0289202 0.0208119 0.0952074 0.1207160 0.1386509 0.0968702 0.0796683 0.1460771 0.1386509 0.1069389 0.1050515 0.0000000 0.0425536 0.0761896 0.0910629 0.1548554 0.1374169 0.0794678 0.0553719 0.1461695 0.0892227 0.0880080 0.1019850 0.0880080 0.0679233 0.1265016 0.1259317 0.1186850 0.0429918 0.0368762 0.0838646 0.0826350 0.1099360 0.0892387 0.2131340 0.1548695 0.3612041 0.1669005 0.0863108 0.0745516 0.0649057 0.0750317 0.1866334 0.1313982 0.0734127 0.1002639 0.1207857 0.1187478 0.0259463 0.0429712 0.0434406 0.1317380 0.0536387 0.1630176 0.1705231 0.1319609 0.2271220 0.1258120 0.1175716 0.0808996 0.0889065 0.0944161 0.1303798 0.0863040 0.0872708 0.0325856 0.1151863 0.0612428 0.0367561 0.0973461 0.0315318 0.2000236 0.0312699 0.1019850 0.0764649 
S0673         0.6016525 2.1180158 0.1057868 2.1756456 0.4512824 0.1417942 0.1622445 0.0896556 0.0802190 0.1079659 0.1112607 0.1312519 0.0668934 0.1406304 0.2143182 0.0727130 0.1046732 0.1103149 0.0272227 0.0609295 0.0556795 0.1236873 0.1339376 0.1550208 0.1177434 0.0861923 0.1539110 0.1550208 0.1140292 0.1203692 0.0425536 0.0000000 0.0827948 0.1058386 0.1715374 0.1536197 0.1193612 0.0736435 0.1628629 0.1036428 0.1158137 0.1168078 0.1158137 0.0940285 0.1488847 0.1335431 0.1344670 0.0365609 0.0554394 0.1042295 0.1026449 0.1171894 0.1095818 0.2593123 0.1682705 0.3731375 0.1913945 0.1271140 0.1012515 0.0920732 0.1018804 0.1967158 0.1475052 0.1128316 0.1014086 0.1288338 0.1182372 0.0431547 0.0365449 0.0369321 0.1478864 0.0862146 0.1805417 0.1882879 0.1481474 0.2711864 0.1418595 0.1600180 0.1079659 0.1032639 0.1088517 0.1187276 0.1134287 0.0949070 0.0443208 0.1448025 0.0866487 0.0730513 0.1044010 0.0555193 0.2459054 0.0201642 0.1168078 0.0831003 
S0689         0.6155119 1.3956680 0.0924128 0.0000010 0.4158759 0.0810828 0.1101616 0.0689238 0.0900122 0.0744234 0.0761701 0.1242645 0.0749869 0.1098151 0.1848486 0.0969950 0.0871177 0.0755445 0.0732777 0.0466170 0.0923084 0.1023033 0.0999743 0.1096071 0.0810485 0.0613575 0.1509271 0.1096071 0.0676497 0.0840438 0.0761896 0.0827948 0.0000000 0.0707478 0.1267398 0.1086551 0.0951083 0.0493951 0.1166257 0.0693640 0.0949460 0.0816271 0.0949460 0.0744495 0.0954026 0.1010701 0.0831970 0.0974121 0.0647022 0.0687660 0.0805771 0.0933964 0.0740055 0.2231867 0.1205704 0.3028090 0.1311337 0.1024680 0.0812239 0.0573719 0.0544744 0.1564662 0.1198229 0.0887229 0.0891347 0.0741757 0.0869366 0.0816214 0.0973308 0.0985472 0.1030361 0.1113665 0.1401021 0.1392857 0.1031982 0.2259834 0.0897736 0.1118293 0.0744234 0.0691293 0.0745579 0.0959657 0.0798032 0.0685450 0.0950689 0.1080327 0.0551841 0.0974663 0.0618865 0.0835729 0.1844558 0.0893065 0.0690595 0.0631930 
S0690         0.6163542 1.1830549 0.0338378 0.0000010 0.4211707 0.0673246 0.0948325 0.0104929 0.1317650 0.1092840 0.0106071 0.0906853 0.0862111 0.0647734 0.1324009 0.0992113 0.1139827 0.0105267 0.0893890 0.0432664 0.1085098 0.1107816 0.1139121 0.0646743 0.1144200 0.0766396 0.0876677 0.0646743 0.0508465 0.0220328 0.0910629 0.1058386 0.0707478 0.0000000 0.1107443 0.0641289 0.1399315 0.0814096 0.0711085 0.0159167 0.1031347 0.0158521 0.1031347 0.0819008 0.1461222 0.0994815 0.0465772 0.0921978 0.0858880 0.1006378 0.0990761 0.1115232 0.1061362 0.1866725 0.0920305 0.3543441 0.1438269 0.1556859 0.0889253 0.0949975 0.0892875 0.1067955 0.0864181 0.1399315 0.0215339 0.0296071 0.1365011 0.1042761 0.0921228 0.0932854 0.0585000 0.1137268 0.0991058 0.0917217 0.0649137 0.1816521 0.0527851 0.1223459 0.1092840 0.0052178 0.0158248 0.0583464 0.0946721 0.0515236 0.1119004 0.1172988 0.0876684 0.0855546 0.0106998 0.1137929 0.1493129 0.1048585 0.0158521 0.0384193 
S0720         0.7526955 2.6879704 0.1106949 0.0000010 0.4293875 0.0501763 0.0708152 0.1079248 0.1583682 0.1510176 0.0878109 0.1453772 0.1443416 0.1556368 0.1757667 0.1735648 0.1504562 0.1083651 0.1382893 0.0786799 0.1508950 0.0649580 0.1503559 0.1552560 0.1688866 0.1329164 0.1618714 0.1552560 0.0980953 0.1272510 0.1548554 0.1715374 0.1267398 0.1107443 0.0000000 0.1704236 0.1951168 0.1492476 0.1634514 0.1014335 0.0582431 0.1151179 0.0582431 0.0922669 0.2046359 0.0328195 0.1500817 0.1492389 0.1590312 0.1537394 0.1536871 0.1763648 0.1591475 0.1063360 0.1258222 0.3830946 0.1528260 0.2053180 0.0998027 0.1318045 0.1143070 0.2368353 0.1588344 0.1872241 0.1087109 0.0618529 0.1372839 0.1363800 0.1490566 0.1431911 0.1644132 0.1590041 0.1578724 0.1391161 0.1559377 0.2750334 0.1580432 0.1262828 0.1510176 0.1010474 0.1068671 0.1310642 0.1418191 0.1134813 0.1738005 0.1761781 0.1262034 0.1744312 0.0923658 0.1443942 0.1456871 0.1632952 0.1151179 0.1212089 
S0724sl       0.5703782 0.9025436 0.0987539 0.0000010 0.4261812 0.1099782 0.1287609 0.0624955 0.1670259 0.1348237 0.0695396 0.1367076 0.1330857 0.0320821 0.0831875 0.1467640 0.1406059 0.0622554 0.1380589 0.0577405 0.1575046 0.1667307 0.1405151 0.0209791 0.1559917 0.1222645 0.0628106 0.0209791 0.0953263 0.0770490 0.1374169 0.1536197 0.1086551 0.0641289 0.1704236 0.0000000 0.1711129 0.1190302 0.0376546 0.0625596 0.1579941 0.0749720 0.1579941 0.1340708 0.1740412 0.1632525 0.0393953 0.1307861 0.1326732 0.1316021 0.1250503 0.1704408 0.1468589 0.2405110 0.0807405 0.5391230 0.1930718 0.1800812 0.1420661 0.1360708 0.1278834 0.1036970 0.1039205 0.1639911 0.0822790 0.0900900 0.1400549 0.1370104 0.1247202 0.1263201 0.0264467 0.1551333 0.0613658 0.0435135 0.0210475 0.2302136 0.0453443 0.1724601 0.1348237 0.0626802 0.0614014 0.0918504 0.1264811 0.0748989 0.1626284 0.1433528 0.1121681 0.1180188 0.0701578 0.1550534 0.1997229 0.1377276 0.0749720 0.0687273 
S0735         0.6365083 1.6351050 0.1541976 0.0000010 0.4909534 0.1263595 0.1903302 0.1429028 0.1298367 0.0906518 0.1521619 0.1386396 0.1287200 0.1820998 0.2599392 0.1272249 0.1671590 0.1365868 0.0836469 0.0725842 0.0952525 0.1294444 0.1822194 0.1816363 0.1247398 0.1151047 0.2078369 0.1816363 0.1434181 0.1475421 0.0794678 0.1193612 0.0951083 0.1399315 0.1951168 0.1711129 0.0000000 0.0979968 0.1897618 0.1438705 0.1215300 0.1575890 0.1215300 0.0996510 0.1443589 0.1628570 0.1607930 0.1072993 0.1011805 0.1044222 0.1136165 0.1383916 0.1164424 0.2491816 0.2110291 0.4576366 0.1990575 0.0200406 0.0927234 0.0913104 0.0936748 0.2127283 0.1726257 0.0048523 0.1584314 0.1760885 0.1381185 0.0989577 0.1206553 0.1221588 0.1743740 0.1350072 0.2082280 0.2161114 0.1746915 0.2541108 0.1683757 0.1471162 0.0906518 0.1433223 0.1348044 0.1795955 0.0911039 0.1439173 0.1115344 0.1100138 0.0790645 0.1278183 0.1534961 0.1070173 0.2429546 0.1051169 0.1432043 0.1290121 
S0742         0.5582001 1.1830549 0.0964666 0.8085877 0.4216623 0.0658075 0.1315202 0.0793338 0.0892860 0.0604801 0.0866847 0.1068384 0.0885268 0.1202908 0.1769504 0.0874674 0.1010357 0.0859855 0.0584889 0.0000010 0.0696567 0.0921463 0.1143399 0.1200571 0.0873537 0.0671718 0.1615488 0.1200571 0.0864356 0.0946909 0.0553719 0.0736435 0.0493951 0.0814096 0.1492476 0.1190302 0.0979968 0.0000000 0.1270747 0.0798341 0.0852224 0.0920196 0.0852224 0.0658586 0.1154396 0.1216561 0.1011389 0.0870368 0.0882117 0.0749392 0.0812278 0.0998272 0.0801666 0.2514655 0.1434713 0.4138963 0.1475368 0.1051823 0.0668367 0.0569662 0.0602684 0.1675218 0.1304815 0.0917827 0.0996147 0.1088794 0.0866887 0.0671369 0.0869724 0.0880098 0.1135274 0.1077455 0.1426704 0.1497497 0.1137065 0.2000221 0.1078327 0.1150537 0.0604801 0.0795646 0.0848883 0.1243877 0.0657146 0.0867175 0.0709160 0.0921200 0.0424384 0.0878827 0.0874390 0.0686909 0.2107503 0.0730377 0.0920196 0.0671541 
S0748         0.5489883 0.9025436 0.1067417 0.0000010 0.4455129 0.0994970 0.1221311 0.0692643 0.1768961 0.1285038 0.0635762 0.1157152 0.1418797 0.0156231 0.0980908 0.1401909 0.1340289 0.0627985 0.1472709 0.0738729 0.1670400 0.1601428 0.1180757 0.0266109 0.1566855 0.1305690 0.0696239 0.0156776 0.0891743 0.0843554 0.1461695 0.1628629 0.1166257 0.0711085 0.1634514 0.0376546 0.1897618 0.1270747 0.0000000 0.0693345 0.1514961 0.0820459 0.1514961 0.1135221 0.1748660 0.1565640 0.0457301 0.1394035 0.1414492 0.1321340 0.1335857 0.1712304 0.1474875 0.2328171 0.0891440 0.5084262 0.1740666 0.1992791 0.1357012 0.1451032 0.1362557 0.1127489 0.1119045 0.1823515 0.0896048 0.1061622 0.1582643 0.1457342 0.1332245 0.1349673 0.0437399 0.1645003 0.0808676 0.0497127 0.0266992 0.2436870 0.0395530 0.1656774 0.1285038 0.0694719 0.0680476 0.0855362 0.1202602 0.0954365 0.1725932 0.1369197 0.1060695 0.1263991 0.0772457 0.1643934 0.1922617 0.1612417 0.0820459 0.0889468 
S0756         0.6106897 1.1830549 0.0275224 0.0000010 0.3723065 0.0567293 0.0857053 0.0209031 0.1436009 0.1070708 0.0157637 0.0888610 0.0977964 0.0631718 0.1286847 0.1107634 0.1176007 0.0156453 0.0945325 0.0136402 0.1062040 0.1085033 0.1175289 0.0630774 0.1260806 0.0819755 0.0788568 0.0630774 0.0558901 0.0272678 0.0892227 0.1036428 0.0693640 0.0159167 0.1014335 0.0625596 0.1438705 0.0798341 0.0693345 0.0000000 0.1010469 0.0209392 0.1010469 0.0803074 0.1578640 0.0908693 0.0454468 0.0903143 0.0841348 0.1123233 0.1105857 0.1398709 0.1176827 0.1727450 0.0744093 0.3903448 0.1630718 0.1523110 0.0871698 0.1000171 0.0875179 0.1040530 0.0712005 0.1369615 0.0266574 0.0351484 0.1176606 0.1021439 0.0902426 0.0913577 0.0570661 0.1046170 0.0965051 0.0893484 0.0633059 0.1878870 0.0514913 0.1270415 0.1070708 0.0103417 0.0209031 0.0449273 0.0993828 0.0385961 0.1094459 0.1286163 0.0859629 0.0970740 0.0159001 0.1113964 0.1372408 0.1027052 0.0209392 0.0377229 
S0760         0.6339847 1.6351050 0.1110222 0.0000010 0.3957064 0.0000010 0.0982353 0.1003895 0.1264060 0.0861549 0.0946205 0.1078104 0.1252929 0.1442926 0.1727848 0.1092914 0.1299871 0.1075487 0.0796434 0.0435803 0.0835447 0.0049979 0.1596900 0.1439759 0.1177626 0.0936424 0.1647844 0.1439759 0.1006706 0.1251902 0.0880080 0.1158137 0.0949460 0.1031347 0.0582431 0.1579941 0.1215300 0.0852224 0.1514961 0.1010469 0.0000000 0.1138832 0.0000010 0.0259405 0.1371445 0.0898227 0.1390659 0.1172151 0.1108947 0.1042772 0.1169540 0.1312905 0.1096186 0.1556086 0.1190817 0.2417638 0.1105423 0.1294444 0.0315109 0.0846413 0.0555717 0.2002864 0.1470585 0.1148820 0.1144338 0.0872823 0.0937997 0.0950557 0.1171034 0.1115369 0.1523468 0.1317153 0.1369927 0.1291177 0.1445617 0.2173621 0.1463998 0.1094234 0.0861549 0.1006859 0.1061517 0.1255984 0.0915042 0.0936936 0.1002196 0.1064213 0.0664231 0.1243900 0.1094073 0.0963961 0.1991525 0.1013370 0.1138832 0.1010431 
